5180416,4278268480126993
461346,865315667841343
4263458,897270207811903
4459043,900500024201503
4721190,897201489391903
264743,302365700796703
2108962,17798345732383
141874,53944839581983
199218,335351096807743
2615,53876089696543
2099766,52776578134303
13436930,4276000721535283
8653347,302365700789023
8399395,18760420307743
8399398,17660908696351
8391207,18691705025311
10496546,17660908745503
10488358,17592193463071
14944261,900500038947073
10494983,1305685995793
10748965,284842247000833
10616871,3298567459603
10625061,3367286944513
10756133,284842246877953
10496037,18760432956163
10747943,284773527393043
10493991,1168246911763
10748423,284773527400723
10488357,18691713479431
10486311,1099527435031
10494501,1168246928131
10495493,1305686012161
10487303,1168247042323
10749445,284842247008513
10617351,3298567467283
10551845,282574504145683
381200,898365441184048
8399410,52845295448863
8391219,53876089688863
10488370,52776578126623
10618901,56075159146753
10617877,20959506665728
10625045,20959506542848
10494997,18897888817408
10616885,20890787058433
10487861,53876102337283
14811157,337550135857408
14942229,900500055724288
10488341,53876102344963
10617365,20890787066113
10486325,18691730256643
5049408,4276069708529713
4262498,897201756705151
2663,18691969265983
2099814,17592457703743
10866,52845562835263
2678,52776844407103
8399458,17661175018303
8391267,18691969258303
10488418,17592457696063
4261314,862090936123633
133686,53876121153823
10813509,847723749249328
11272261,847723749380368
10495045,1305954431248
10485863,1099795862323
11075653,845524726124848
10486343,1099795870003
10486373,1099795870483
8391282,52776844399423
2950336,1971493875417136
2648580,299140180602883
5769762,897201756771103
1060386,17798612988703
5507618,898301268333343
1051175,18691969266463
3148326,17592457704223
1059378,52845562835743
1051190,52776844407583
7733257,878510615888128
9439782,17592457639711
11797509,284842515436288
11666437,3367555502848
11804677,284842515313408
11673605,3367555379968
11862021,847723749249808
15990789,865315935294208
12066821,282643492188928
12189701,284773812736768
11665925,3298835903233
11534855,1099795870483
11796997,284773795836673
11536901,18691981914883
11534885,1099795871491
11535877,1168515478273
12059141,282574772712193
4208914,545439388536883
4200754,545370669056311
4201234,545370669060151
4209424,545439388545043
4331793,548669238542353
4200723,546470181732403
8522278,18691717608223
11665429,20891055493888
1051235,18692504032063
3148386,17592992469823
9439842,17592992405311
10619397,20890753511683
11665477,3299372765968
11534407,1100332733233
11535429,1169052341008
11796549,284774332699408
11542597,1169052218128
11599941,282575309443888
12058693,282575309574928
11534917,1100332741393
8522290,53876121146143
5179520,4278200029085713
11938,17798613119263
4721314,897201756901663
6818946,897270478209043
2696322,844631359033393
2688162,844493920076083
2696832,844631359041553
2688642,844493920079923
2950273,1973692363898896
2696321,845730872758288
2688131,845593433800753
2688134,844493922177073
2099878,17592457834783
8391334,17592457704223
11084928,844631361130768
11076738,844493922173233
10488482,17592457827103
11019396,281681411911936
10625157,3367555510528
10756229,284842515443968
10748069,284773795959553
10485927,1099795993363
10494117,1168515478273
10495109,1305954693376
10617477,3298836033793
10486407,1099796001043
10748549,284773795967233
10488453,18691982045443
10616997,3298836026113
10487973,18691982037763
10256544,845529543282433
5051394,4276073735061553
7079041,1991284549943296
10616981,20891055624448
10978,17661710905663
2790,17592992477503
2099938,17592992600383
2802,52777380286783
6818338,897201489514783
12589360,545370670105363
8391394,17592992469823
4293058,862030806450673
10617029,3299372896528
10748101,284774332829968
10494149,1169052348688
10485959,1100332863793
10485989,1100332864273
10551493,282575309574448
10486469,1100332871953
1059490,17661710906143
1051302,17592992477983
3744896,844631895904528
3736706,844494456946993
3148450,17592992600863
1051314,52777380287263
133746,53876388532543
11535493,1169052603136
11536517,18692518908673
11534471,1100332864273
11600005,282575309574928
11534501,1100332865281
15728773,300167495619328
12058757,282575309837056
11534485,18692535685888
1051362,17594065163071
13666337,335355613024003
6095936,4240885873312048
4641024,900564464439568
4509984,898365424407313
4510464,898365424414993
11534533,1101406606096
4331856,546470482673713
4200786,545370937491571
4200816,545370937491763
4201296,545370937495603
5049352,4278268731785233
4459050,900500291588383
460811,878510076854323
458795,860917890810163
458767,860917892911153
466957,860986612396048
402445,298174097993728
459277,860917892919313
393743,297967939498003
393773,297967939498243
2607,20890992521503
2555915,860917892972593
2499593,298174098116608
460825,913694482497553
458779,878510110408753
4653081,2039594389340176
395801,350744529080323
395321,350744529076483
4588057,913694482501633
458781,878510112509968
401437,315628878573568
393757,315560159096833
2491417,315628878757888
2555929,878510112571408
926729,861124049440768
8847371,860917892907313
8847401,860917892907793
8781867,297967939486483
8782377,297967939490563
8391211,20890992513823
8391214,18691969266463
11272205,852121795891456
11075597,847723749380368
918541,860986612584448
11018253,284842515443968
10486829,3367538725633
10485807,3298819117843
10493997,3367538602753
10487853,20891005162243
10488333,20891005169923
10486287,3298819125523
10487309,3367538733313
11010093,284773795959553
11010573,284773795967233
8847385,878510112506128
8781881,315560159085313
264810,302366502949183
10858,18761222467903
393323,297968474259763
460873,878510613725233
393803,297968474263603
458827,860918427680881
2667,20891527287103
2670,18692504039743
393295,297968476360753
401485,298037195845648
2491465,298037196029968
2490443,297968476422193
2682,53876891849023
393307,315560693858353
393309,315560695959568
623426,844438083539443
8391274,18692504032063
918553,878578830082048
68150,334251552682303
10486861,3368075596048
10485839,3299355988273
10494029,3368075473168
10551373,284774332698928
10485869,3299355988753
11010125,284774332829968
10486349,3299355996433
8781913,315560695955728
229706,284787218579953
100682,300180364591603
1313322,302366502949663
1059370,18761222468383
1441835,297968474260243
1507369,860918427681553
1442345,297968474264323
1051179,20891527287583
1051182,18692504040223
1449997,298037195845888
1442317,297968476369153
3539977,298037196030208
3604489,860918429843728
3538985,297968476422913
1051194,53876891849503
1441849,315560693859073
1507353,878510647279888
1441821,315560695959808
3538969,315560696021248
9831433,298037195899648
9830411,297968476357393
9838601,298037195838208
9830441,297968476358401
9830921,297968476361473
11927561,297968480617216
11665421,7697419277056
11534351,3299355988753
11796493,289172379210496
11536397,20891542033153
11534381,3299355989761
11599885,284774332699408
15728653,302366518743808
3687556,281548800602368
4266257,1109420135153713
9307145,860986612580608
11534365,20891558810368
1051242,18693576725311
10553890,299067165971263
6363408,1108320623591473
1182258,53876388533023
1311976,284846257799953
10551335,282574504137523
10551815,282574504145203
11534413,3300429730576
5062928,4276013622169648
4729378,897270207820063
301602,335363931378463
8456754,334251552674623
458891,860918427746353
458893,860918429847568
394381,298037196034048
2696328,845731407532048
2688138,845593968574513
2491529,298037196292096
2490507,297968476553233
2492553,315560662597633
458905,878510647345168
394393,315629413531648
393373,315560696025088
8847497,860918429843728
8782985,298037196030208
10486925,3368075858176
10487949,20891542163713
10616973,7697419407616
10485903,3299356119313
10748045,289172379341056
10551437,284774332829968
14680205,302366518874368
11010189,284774333092096
8781977,315560696021248
11011520,281548800590128
5249328,545370937492243
10485917,20891558940928
458953,860919501488176
2688385,845597728768048
918601,860987147354128
2688388,844498217144368
10485965,3300429861136
3933320,847794065572096
3539081,297969550295296
4272450,897283361083633
1507528,852125554901296
1311946,284846257799473
1320136,284983696757008
1181898,20894764302643
1057994,1309696790833
1181928,20894764303123
1058024,1309696791313
1050858,18695724270391
1057002,1172257706803
1311434,284777538195763
1058504,1309696798993
1057482,1172257714483
1050344,1172257837843
1180392,3302578262803
1180362,3302578262323
1049322,1103538230071
1311464,284777538196243
1057512,1172257714963
1050314,1172257837363
1050827,20894748574003
1049833,3371282137873
1050857,20894748574483
1057993,3508721094928
1049803,3371282137393
1114345,284777539240753
1049291,3302562533683
1573097,284777539371793
1049321,3302562534163
1376460,847727492665648
1057996,1309697847568
1835212,847727492796688
1048814,1103539278643
1638604,845528469541168
1049294,1103539286323
1049324,1103539286803
1049805,3371284238608
1048783,3302564630833
1056973,3371284115728
1114317,284777541341488
1048813,3302564631313
1573069,284777541472528
1049293,3302564638993
3342536,284777556148528
3277002,3302579437873
3147978,18695725449523
3408074,284777539371313
3277032,3302579438353
3148008,18695725450003
3408104,284777539371793
3211496,282578516116273
7602376,865319678837008
3146442,1103539409203
3146472,1103539409683
3277001,7700628046096
3147977,20894750802193
3154121,3371284238608
3408073,289175587979536
3146953,3371284496656
7340233,302369727512848
3146441,3302564761873
3670217,284777541730576
3408076,284777541472528
3145934,1103541506353
3277004,3302581539088
3154124,1172260991248
3145964,1103541506833
3211468,282578518217008
3146444,1103541514513
3145933,3302568956176
1182306,18692519760703
1180888,20963517464848
1179866,20894797857073
1050842,53880113135923
1376472,865319694434608
1050872,53880113136403
1179896,20894797857553
1048826,18695741047603
1245400,302369774567728
5374168,337554146656528
5505240,900504066523408
3277016,20894799036688
3145945,20894767579408
9700552,284846258848528
9439434,18695725318963
9699530,284777539240753
9568458,3302579307313
9446600,1309697839888
9437418,1103539275571
9438410,1172258882353
9633992,284777556017968
9503944,282647235593008
9437898,1103539278643
9568457,7700627915536
9699529,289175587848976
9445577,3371284108048
9439433,20894750671633
9437417,3302564628241
13631689,302369727382288
9437897,3302564631313
9568460,3302581408528
9438412,1172260983568
9445580,1172260860688
9437390,1103541375793
9699532,284777541341968
9502924,282578518086448
9961676,282578518217488
9437900,1103541383953
9437389,3302568825616
11536584,18695727547153
11535560,1172261241616
11542728,1172260983568
15728840,300170704257808
11534568,1103541503761
12058824,282578518475536
11535048,1103541506833
11534540,1103545701136
9568472,20894798906128
11076992,844498217140528
9437401,20894767448848
4266320,1108320890912881
4264274,967583402557681
4266264,1109420402540593
11534552,18695744324368
5178624,4243088403005488
4262690,897205783236991
12066,17802639520063
4205346,334324549300543
4197158,334255830872383
2855,18695995797823
2100006,17596484235583
133938,53880415064383
11058,52849589367103
2870,52780870938943
8399650,17665201550143
8391459,18695995790143
10488610,17596484227903
10813701,847727775781168
11272453,847727775912208
10495237,1309980963088
11075845,845528752656688
10486055,1103822394163
10486535,1103822401843
10486565,1103822402323
8391474,52780870931263
461122,865320231239923
4524354,2024205470138611
4270402,897274771149043
4263234,897274771210483
459106,847728045195763
4262242,897206051668471
599362,844635652165873
591202,844498213208563
4262722,897206051672311
591682,844498213212403
4262211,898305564344563
328035,847728029467123
328515,847728029470963
4262214,897206052720883
6294054,334251538067743
4260678,862021680640243
590662,844429494661363
328518,845529006223603
6359362,897206052782323
2689346,862021680824563
2687330,844429494780403
2687810,844429494784243
2425155,847728031629553
2687302,844429496881393
2163526,281479543337203
198994,335355660206323
459090,865320264794353
4391250,898305613627633
4262226,967574812623091
4260210,897206068445683
592210,897206068510963
4260690,897206068449523
12650818,897206052717043
8716642,845529006212083
12648802,862021680628723
8978786,844429494649843
8716611,847728031564273
8454499,282579054887923
5558528,898365692842768
8454502,281479543264243
8454982,281479543271923
11075906,844429496877553
531234,334264419815743
10551650,281479543325683
12060032,281548800590608
5249360,545371474362673
5245730,334256098251583
1059618,17665468937023
1051430,17596750508863
1124898,299136150680383
5117968,2237510507888641
1051442,52781138318143
2688448,844498751914096
1967113,860987147354368
1116710,299067432252223
12593698,334320255382303
9749024,282587642740483
12585507,335351049622303
26404,219044507923
1639746,844498750079473
1245538,282579605390323
1116514,299072263029751
1123138,281548796473843
1051490,17597286323071
1114978,281480076989431
1114467,282579589661683
1114470,281480078038003
1114950,281480078045683
26373,1318558232593
3735874,844430031651313
3211618,281480078099443
1116498,334256651895283
1114482,299072279806963
4747780,897283093819393
1116722,334251820061503
9503074,281480078034931
13697346,862022217499633
9503554,281480078038003
9503043,282579591758833
14682149,335351062270723
14682629,335351062278403
11534661,1104627700528
14680613,300166690190083
1147210,282589252289521
5177728,4243019951964208
2696576,844635654000688
4872208,1109420167729153
4741138,1108320622546963
4749328,1108389342031873
4741168,1108320622547203
1642696,863124949500208
297762,300179559289663
5314832,1108320890913073
6838288,1108320623726593
852418,1971429449072881
591298,844498750341361
74690,281548796539123
590278,844430031655153
66502,281480078110963
6357442,862022217695473
2163170,281480078230003
2163650,281480078233843
4205154,334320522768703
68050,334256651960563
2650628,299148770537473
8414980,219046605073
4196966,334251804340543
8978882,844430031651313
8454626,281480078099443
10551746,281480080327153
9011522,844438084584433
10486213,1104627831088
12076160,281548800594688
7865488,897271031857408
1051554,17597286388543
1998857,860922722714368
11534725,1104627831568
1638850,844431104344561
1114594,281481150792691
1116770,299067968066431
4282448,1108320890916913
3736960,844498751914288
12585570,334251804332863
4478994,1109420134109203
5047560,4243088654663728
4393506,898301016674623
7143688,4243019936235568
2556169,860922187939888
3014921,860922188070928
4587801,913698777464848
4262435,898301000945983
459033,878514405376048
8847625,860922187874608
4201250,404633163927871
5059584,4276211174019088
6359586,897201489383743
10256424,847728566406913
198986,302370814689523
4391242,865320768110833
852298,1973628472197361
196970,284778628645363
197450,284778628649203
74570,282648308101363
65899,284778612916723
66379,284778612920563
328014,847728566341873
66382,282579589673203
2163019,284778615079153
5050371,4278204039757873
196954,302370848243953
67930,335356163522803
393561,315564988825648
4262450,967570249224511
7145480,4278200013357073
5050373,4278204041859088
8716618,847728566338033
8454506,282579589661683
8454475,284778615013873
8782153,297972771324208
10486093,3303650955568
4292938,863130318012913
6954,53889223102783
7147524,4276005018734608
1051434,18696797950783
6127744,4240821448803088
5253666,334320522769183
6817216,862090937958448
4233762,404633163928351
5245478,334251804341023
4462618,1111610835861523
4593688,1116008915927041
11534605,3303650956048
91908,281694021218353
133671,20890740863263
1376586,847729639031281
1114474,282580662354931
4721250,897201756770623
5506248,865388397265168
13438977,4278204041855248
4200912,545371474427953
15536128,4276005018730768
5771464,898309321589008
4347928,548669505933313
10486157,3303651086608
5214208,4278212645421328
328138,847729639096561
3015816,852191055118336
2884746,847792991830033
2884776,847792991830273
2885256,847792991834113
5079176,4243020472058128
5181504,4278204323921968
5050433,4278204308193328
2884760,865385194651648
4591689,913699280781328
594274,862030269579763
594754,862030269583603
5063040,4240829501870128
7147584,4276005285068848
4266384,1108320890978353
1312200,284850552766768
1181128,3375592833328
1058248,1313991758128
1376712,847731786580336
1050088,1176552801073
1051112,18700019237683
1049066,1107833193331
1180136,3306873226033
5505480,865323972624688
1573352,282582810034993
1311208,284781833159473
1049576,1107833197363
1050057,3375577104688
1573321,284781834338608
1049065,3306857497393
1049037,3306859598128
3408328,284781834338608
3277256,3306874405168
3146216,1107834372913
2638985,284847335477248
2691394,862030270759153
3146188,1107836473648
1180120,20899092824368
2638988,282648312229888
9438664,1176553849648
9568712,3306874274608
9699784,284781834208048
9961928,282582811083568
4462680,1111611372732433
9437644,1107836343088
91458,281694288556273
83778,281556849602803
133683,56075144401183
594258,897214658445553
13439232,4276013606437168
9994592,281488668036913
4200726,545370670108723
5182464,4278272775094288
4266530,967574527414591
6695,53880367886623
4594704,1111679320522753
4855826,1109411577790483
4733968,1108518191173633
4274194,1108380752023603
4266034,1108312032543031
4855856,1109411577790723
4266514,1108312032546871
4274704,1108380752031763
4471312,1109480263659523
4462611,1111610568474643
4462641,1111610568474883
4463121,1111610568478723
4332049,548660648611843
4201236,545370670116883
4266006,1108312033595443
4332052,546461625364483
4463124,1109411545231363
4200981,546461593907203
6363154,1108312033656883
6428689,548660650770433
6559761,1111610570637313
6298132,545362082344963
8460834,334255830864703
8403490,52849573638943
8395299,53880367878943
10492450,52780856316703
14946309,900504333914368
11276293,865319961956608
10499077,18902167007488
10491941,53880380527363
15208453,898305310789888
10492421,53880380535043
547362,334264419823903
10490405,18696008446723
12982288,1111610602029313
12654610,1108312033591603
12851248,1109411545219843
12720176,546461625352963
12654640,1108312033592083
12851217,1111610570572033
12589105,546461593895683
14686256,545362082333443
10620949,56079454114048
2631044,281685702684688
5051456,4276074003497008
14946,52849841025343
2624038,299067166109983
6758,52781122597183
15906,52987011608863
2647176,282785749086208
4266066,1108312300978291
4462674,1109411812606003
4266096,1108312300978483
4266576,1108312300982323
5047320,4278268748562448
8395362,52781122589503
9994530,281488131166003
1063458,52849841025823
2884808,847794065571856
1055270,52781122597663
5642256,1111610869416193
5314578,1108312300978483
5511216,1109411812606723
5314608,1108312300978963
2622916,281548800593968
812548,845734896463873
4856080,1109420167725073
4725040,1108320622543123
4725520,1108320622546963
8915494,299067165979423
5249106,545362884428083
6822160,1108320623722513
5640201,913699280781568
11149317,284842263785728
11141157,284773544301313
11012133,300166690312963
11010087,282574504268563
11018277,282643223753473
11141637,284773544308993
11012613,300166690320643
11010567,282574504276243
5181568,4278204324053008
6829184,897412212133888
4266130,1108312301043763
11141141,302365763899648
459913,860987147354128
6882,52781658476863
4200658,545362884493363
39459,53888955716383
5046794,4243015640092723
13664804,299071729319683
2136610,52789444154143
591178,845598261706993
8522275,20890740855583
1055394,52781658477343
5249200,545362884494083
1116834,299067968131903
39474,123158203994911
4331824,546470214238483
11538565,18696813875968
4332304,546470214242323
8428066,52789444089631
4725072,1108320890978353
5051400,4278273026752528
4591629,913698746011648
7147528,4278204308324368
600610,862085835731263
6688777,913698746073088
7143434,4243015641268273
4397080,1111610869415953
4266010,1109411812606003
4462648,1111610835861763
4463128,1111610835865603
462873,913698777464848
4591641,984067521642496
921625,913698777530368
4509954,898365424406833
397341,350748826144768
4518144,898434143891728
4741264,1108320891113473
2494489,350748826206208
592422,862017117303103
12980233,913698746007808
1642818,862030806450673
2689570,862017117425983
8785945,350748826140928
6833284,862090403196928
7143433,4247413689876496
462921,878514908692528
6762,53881170039103
397401,350749360914448
4197090,334252340220223
592434,897201505112383
133690,56075411788063
919689,878510613921793
7143436,4243015643369488
622922,845538132034033
5071872,4241026801938448
1055274,53881170039583
5511192,1111611372732673
1445913,350749360914688
10618917,20890753504003
6095880,4243084896567568
9834505,315564957369088
8981026,862017117295423
11538445,20895837000448
4790544,2234220529385521
4200730,546470449119283
4331800,548669505929233
5046298,4278200028954673
1836232,847796211482896
11206661,847723497722128
11075591,845524457689393
11083781,845593177174288
11075621,845524457689873
11076101,845524457697553
7208969,2004409985990656
4591753,913699280846848
2494601,315564957564928
4462744,1111611372797953
397465,350749360979968
10489997,20895837131008
7079048,1991285084717056
5050498,4276005284020273
5050497,4278204308324368
133738,20891543015743
2622857,284847335473168
5083200,4276013873824048
5245602,334252340220703
6127624,4243020471927568
7143448,4278200030134288
4788546,2023114548510961
442381,297980824400128
10060064,844438084587313
1380552,865323972624688
1054922,53884391326003
5509320,900508344713488
1054952,53884391326483
1052906,18700019237683
5312712,898309321457968
1839304,865323972755728
3150025,20899045769488
1088034,52789711476511
1575522,299067968131903
1183960,56083464913168
9441481,20899045638928
11538632,18700022514448
2104098,52789444153663
6297874,545370670170163
12589330,545370670104883
12654864,1108320623526193
8830985,297980824392448
4395330,898314170007793
73026,334333407723763
203074,335364216586483
72003,335364200857843
7010,52789711475071
4264259,898314154279153
72006,334264689234163
4264262,897214642655473
70470,299080317153523
6361410,897214642716913
201042,335364250140913
72018,404633449136371
70002,334264704958963
4462928,1109420402540593
70482,334264704962803
8460610,334264689230323
12652866,897214642651633
8458594,299080317142003
269090,335363931377983
329154,845598261706993
1640994,862017384682303
5249298,545370937491763
4210192,545568237629443
1182250,20891543016223
13109794,897201489384223
917705,860919501619216
550660,281694021349393
1119042,299080852967923
1118546,334265241829873
5177368,4282598109020176
4485636,898382605381633
9507138,299080854012913
15206405,898301015822593
15335429,865315683766528
15212549,863185363218688
15204389,863116643734273
83394,281557386596593
15204869,863116643741953
7074,52789711540543
4200850,545370937557043
4487184,1109488853594113
4479024,1109420134109443
5047432,4243084896829456
4478993,1111619158413313
4478996,1109420135165953
15204373,898301032599808
70114,299080853029363
70594,299080853033203
2167234,299080854208753
5048360,4278200012177683
70098,334265241895153
5048840,4278200012181523
2688392,845598263541808
4459298,898305294864703
12124165,845524726125328
536098,299273321394463
4364306,546470214238483
4233266,545370669056791
4241456,545439388537603
4241936,545439388545283
4364305,548669238542593
4233265,546470181733123
4233268,545370670109443
4233748,545370670117123
4725136,1108320891109393
6330416,545370670170883
2901124,845597728780288
6099072,4276005820891408
56578,52909702189363
64768,53047141150993
62722,17862769062193
56608,52909702189843
54562,17725330101043
62752,17862769062673
57088,52909702197523
55042,17725330108723
55072,17725330109203
4786722,2023101395177791
397593,350757413978128
5071104,4240897952788528
1490953,297981359166208
2631104,281686237450288
5063424,4240829233311793
62736,53047157928208
12621842,545370670105363
12621872,545370670106371
201034,302379404624113
69994,300180364591603
70474,300180364595443
69963,302379388895473
397641,315573545205808
12621844,545370672206593
5062913,4243028257607728
2622913,282648312217648
69978,335364753457393
4200792,546470985990193
527074,299067968262463
14718992,545370672268033
5062916,4240829234360368
4267026,1108380752085043
2103846,52780856324383
1116714,300167479694143
4593808,1111610869481473
68135,300166677541183
11052160,281685702677248
4233298,545370937491763
4233328,545370937492243
6127680,4240821448672048
7160064,4240829234483248
3015689,860986612842496
4196970,335351851782463
921737,878514908889088
2165286,299067165978943
16252933,863116912169728
4429840,1109420167659793
1575586,299067968262943
4299280,1108320622481683
592546,862017384812863
463170,865328821174513
332130,863129781142003
332610,863129781145843
332099,865328805445873
1184200,20907649204528
1055176,53892981260593
1054152,18777328779568
1315272,302382609137968
1053160,18708609172273
5247432,335367957971248
1577416,300183586013488
1053129,20907633475888
3150280,18708610351408
1053144,53892998037808
76338,334320271110463
9441736,18708610220848
128256,299337745772848
607554,844506803146993
332114,898314170007793
346658,863120922784063
4737570,897205783310623
4475426,898305294872863
4745732,897274503884803
4284934,862090131730483
4286980,897274503819283
614918,844497945751603
615940,844635384836113
288261,284983968264193
156167,3371569311763
158213,20963755356163
287239,284846529245203
287269,284846529245443
352773,847796482666513
26119,1309968298003
26149,1309968298243
156197,3371569312003
2385412,282784945139713
6318596,334324552560643
2254340,1309985206273
2123269,1309972623361
150066,53880415072543
84530,334255846601023
158228,53949135646723
28180,52987029483523
156181,20963788910593
5281840,545370937493251
5282320,545370937496323
2123284,17802659622913
2124308,52849592627203
8473122,299071458784063
12610052,334324552495363
8414726,210456670483
8407590,17596484186911
8544804,1172546056963
8415780,17665203696391
8413734,73017651991
8675876,282647505990403
8479268,281547994362643
8413733,1172533474051
10504738,17596484236063
10511876,210460995841
10510884,73021911811
10829829,847727775789328
10765317,284846541975808
10511365,1309980979456
14958597,865319961833728
10633253,3302862435073
10504229,18696008446723
10764325,284777822368513
10502183,1103822402323
10503205,1172542010113
10634245,3371582042368
11026469,282578799244033
10502693,1103822418691
8407602,52780870939423
8413748,17665220473603
10633237,20895082033408
4213346,334256098259263
26182,210723008563
25159,1172797714483
2123332,210725236753
2122310,73286152243
19058,52781138325823
395826,337550120063263
8407650,17596750508863
8413766,73286086963
8413796,73286087443
1111296,17863037498128
13670432,404633433411331
983177,1986818334720016
1133090,299071726170943
5193984,4243028273336368
1074724,210723009283
1073701,1172797715203
3171844,210725236993
3170852,73286152963
1067570,52781138326303
5245482,335351851782943
9463300,210725106433
9462278,73286087443
9464324,17665472131843
9462308,73286088451
11551749,1172810445568
11681797,3303130870528
11812869,284778090803968
12075013,282579067679488
4462896,1109420134105363
4463376,1109420134109203
3712128,281686237451008
4462865,1111619158409233
8653350,300166677541663
3703937,282648312218368
1073734,73820860723
1073764,73820861203
3703940,281548800594688
9462340,73822958353
10749989,302365713437443
10750469,302365713445123
11550789,1104627708688
27157,53949104189443
28292,17802909184003
26246,210723139603
26276,210723139843
26245,1310236864513
2712704,844635654008848
2909312,845735165636608
6841472,862227840053248
2901121,847796752027648
2647169,282785214312448
2123396,210725498881
2122374,73286283283
2122404,73286283523
2124420,17665472327683
8414852,210725236993
8413860,73286152963
11035776,281685702684928
10633349,3303131001088
10764421,284778090934528
10502309,1104090968833
8407587,18695995798303
4217616,545387848937491
19170,17597286396223
26308,211260010513
25286,73820926003
2704576,844498751918128
2122436,73823154193
12092544,281548800591616
5281872,545371474363153
2884993,847796752023568
8464930,299135883293503
10502341,1104627839248
329034,847797284831473
1067682,17597286396703
1074820,211260010753
1073828,73820926723
3695744,281686237458688
52770,17673790501663
3170948,73823154433
9462404,73823023873
4274448,1108389341958193
594250,863130318078193
2647424,281694290522128
4257024,334522117861648
2639236,281556853665808
4603917,878514373931008
26125,3509259988993
25103,3371820970003
25133,3371820970243
27149,20964007014403
3031049,860922188075008
4266260,1108320623530033
2123276,1310236864513
4603929,913698777468928
330275,865315652112703
5347344,1108320890913553
5064960,4276013605392433
409629,315564454064128
330278,863116628865343
5049600,4276073735061553
5055744,4241026801930288
8413740,1172797715203
1380674,863130318012913
5047553,4243088387276848
10503181,3371833700608
11026445,284778090934528
10502189,3303114093313
13668386,334264689233683
2886792,865385177874433
475209,860922722652208
25166,1173332488243
25165,3372357840913
330290,898301016674623
13733920,897214642654993
10502221,3303650963728
5047568,4276073751838768
1067562,18696797958943
1073708,1173332488963
1073677,3372357841153
2885056,845598263541808
4233392,545370937557763
9462284,1173334586113
4528400,2235320040947761
3769472,844498751914768
2187782,281547994427443
15238272,862090403185408
6098952,4278204844015888
10813447,847723480813873
10821637,847792200298768
10813477,847723480814353
10813957,847723480822033
413709,315573010444288
26252,1310771638273
25229,3372357906433
2901128,847797286801408
2122380,1173334781953
2639296,281557388431408
5210368,4243028273332528
5081344,4276013605388593
5079297,4243028257603888
1181912,56079169945873
4282640,1108337802350641
8479238,281547994362163
7176448,4240829234479408
4588681,878579333398528
39466,53889223103263
5079312,4276013622165808
40482,52858162582303
4526402,2024214060073201
1392840,847731786584368
1851592,847731786715408
1074376,1313991766288
1654984,845532763459888
1065194,1107833197363
1065674,1107833205043
13467904,4240829234348848
1065704,1107833205523
1065165,3306859606288
3162313,3306859729168
3162316,1107836481808
1313378,300167479694143
2704768,844506804981808
4314368,897334632321328
9453769,3306859598608
9453772,1107836351248
11550920,1107836474128
20258,17673790501183
150306,18704599363903
84770,299080047669631
19235,18704583635263
28420,17811230552083
287494,282656093827123
27398,17673791533111
156422,1181133893683
19238,17605072023871
25382,81605488951
92932,299148768243763
287493,284855119179793
156421,3380159246353
25381,1181119213843
90885,282656095924273
4590114,900500039930143
4467234,898369719382303
2116386,17605072073023
2124548,17673793695763
2122532,81607651603
25366,17673808310323
4459046,898301000954143
4575488,2024265331249456
8479492,281556584296753
10503429,1181131944208
10502407,1112412336433
10633477,3311452369168
10764549,284786412302608
10502437,1112412336913
10567941,282587389047088
11026693,282587389178128
346434,863129781145843
92482,299149035581683
84802,299080316104951
19298,17605339394431
82755,282587642736883
84294,299080317153523
82278,281488131109363
82758,281488131125491
27460,17674059968563
25414,81873924211
26436,219312943153
25444,81873924403
82247,282587644834033
25413,1181387649073
2179906,281488131174643
2179398,281488133271793
2122564,81876086833
84306,334264704962803
82770,299080332882163
8470882,281488131101683
8471362,281488131109363
8470854,281488133206513
8414020,81876021553
10000416,334264689299203
10502469,1112680771888
1073926,81873924403
1073956,81873924883
4725808,1108380752216323
5281810,545370937492243
4726288,1108380752220163
9462532,81876022033
12847650,898301000946463
4262442,898301268332863
332226,863130318078193
11550981,1112680772368
7898240,862090937959168
1132866,299080852967923
1073988,82410795313
1245416,284777554969393
1114346,282578514936691
1116392,300170700981043
1114856,282578514940723
14950405,865384386343168
14942245,865315666858753
14942725,865315666866433
19362,17605339459903
26500,219313074193
25478,81873989683
2122628,81876217873
5281936,545371474428673
12601890,334255830872863
10502533,1112680902928
12687376,1108320623526673
12608036,299140180407043
84418,299080853033203
82374,281488668045553
25540,82410860593
4459106,898301268332863
2634884,299277888729088
4888592,1109420167725313
4757522,1108320622543123
4758032,1108320622547203
6127872,4240829501735728
6854672,1108320623722753
475401,860930775715888
25358,1181385551923
25357,3380410904593
4524578,2024200906740031
10502413,3311704027408
13146128,1108320623592193
213322,284787218583793
84298,300180364595443
82251,284787202855153
409929,297981359165488
82254,282588179607793
25420,1181922422833
9471524,73286106883
4724888,1109412349673473
5074944,4276082324877328
5067264,4276013605400593
5066753,4278212629696528
5066756,4276013606449168
4608009,913707333849088
5245130,335355073069363
5245160,335355073069843
5243114,300170700981043
7163904,4276013606572048
15204365,865315935424768
5261858,334256098259743
4479000,1111619425800193
5047488,4240885873573936
66375,282579054899443
4233272,546470449120003
1327560,284790423097648
1066440,1185142739248
1196488,3315463164208
1073608,1185142616368
1065448,1116423131953
1589704,282591399973168
1065928,1116423139633
1065417,3315447435568
1065420,1116424188208
3162568,1116424311088
9454024,1116424180528
644352,862150260363568
10813573,847723749380368
8456739,300166677533503
285218,335363931386143
555524,334333140398083
293380,335432651960323
291333,302447305224193
29191,18773305258003
29221,18773305258243
2126372,17673793696003
2126342,17673793695763
4217364,545370670133251
29206,52858180399123
30228,52995619418113
29236,52858180399363
4216853,546470183841793
29205,53957694124033
2126356,52858182561793
8417798,17673793630483
10508293,53888970469633
10507269,18773317988608
10637317,20903638413568
10768389,302378598347008
10506277,18704598381313
14700549,335363947180288
11030533,300179575222528
12605488,545370670109443
8417812,52858182496513
10506261,53888987246848
29254,17674059968563
31300,52858432057363
9471266,81873932083
2655369,284847335473408
11044032,281548800590608
14192672,897214642720513
463113,878522961756208
1077796,17674059969283
5265456,545370937496323
12063872,299140986635008
9466372,17674062066433
11554821,18704866816768
2692288,862090937958448
2646534,281547994558483
2646564,281547994558723
24098,52858162589983
12585762,334255830864703
30214,17811230552083
30244,17811230552323
5310664,898305026490673
5439688,865319694434608
5308648,863120654402353
30213,18910744276993
11403269,852121544233216
11274245,865315666989313
5308617,865319678705968
11272199,847723480944913
30340,17811499118593
31364,52858432122883
7405768,863120655581488
2126468,17674062262273
4217488,545370937569283
10506373,18704866947328
5308632,898305043267888
11272213,865315683766528
8938020,281547994428163
58885,1318558232833
11157509,284777839276288
6820993,898374286901248
8418820,17811232649473
13697224,863120655450928
6820996,897274775277568
9471328,82410802993
583172,281694021349633
4773120,897334632452368
1122658,281548796466163
14942341,865315935424768
23082,53889223110943
31244,53957943685123
29197,20972596948993
4217368,546470449131523
413721,350757413982208
15209600,897274775273728
10506253,20903890071808
395789,315560125542403
5052672,4346382349566001
5058816,4276082324869168
5050626,4276013605388401
5050656,4276013605388593
5051136,4276013605392433
395291,350744529076243
5050628,4276013606441008
4591881,913707333845008
395293,350744531177473
9505090,299072264078323
608802,862021411221823
5111945,2004410520764416
2492441,350744531238913
11570208,17665472270083
4757648,1108320891109633
9503046,281480080135153
11600194,281480080196593
5050640,4346382366343216
6821056,897275310047248
8783913,315560125530883
4462872,1111619425796113
2712068,844497947979793
1704138,284777555099953
1575114,300170701111603
1704168,284777555100433
1575144,300170701112083
1573578,282578515071283
9031936,862081541804848
1573608,282578515071763
1148226,281557386462193
11337733,1973623387787536
1573067,284777539371313
8783897,350744531173633
1704152,302369774698768
395339,315560660303923
2885000,847797286797328
4393282,898305580073203
11091973,845528752664848
4268866,862090399068403
5079232,4240821448802608
393805,297968476368913
10092744,284777556149008
9961674,282578516116273
5050688,4276013873823856
395353,350745065947153
8415764,52849592561923
5066880,4276013873958928
2490457,315560696021008
19050,18696797958463
7869568,897275310047488
8781899,297968476356913
8781929,297968476357393
31492,52875343491091
29446,17690971402291
4217106,545387848929331
330282,865315919499583
459275,860917890814003
14682658,334251538060063
4280642,897231821476081
86850,299097495974131
7970,52858162581823
2165186,299072264274163
2163139,282579591954673
1443881,315560660304643
2163142,281480080330993
5050378,4278204307144753
1441837,297968476361473
6840836,862090134024193
4224516,334470579351553
1640648,863120654532913
1638602,845528468488561
1646792,845597187969328
1639112,845528468492593
6099200,4276013873824048
15466501,1991215573831936
1443865,350745065947393
3735752,845528469799216
5066816,4276013873827888
4226064,545576827564033
4218384,545439388610563
1638616,863120671310128
5079304,4243028524990768
9832457,315560662401793
90631,282647505989683
9830413,297968480555776
467017,860987147161648
458857,860918427681073
459337,860918427684913
15220741,863120938709248
99778,281557386592753
4495378,1109420134105363
4495888,1109420134109443
4495377,1111619158409473
5309250,862022216454643
11272325,847723749642496
5056514,4276069439967283
5179424,4278199760519443
5177378,4243015388430643
5048354,4276000720486711
5179904,4278199760523283
5048834,4276000720490551
5177858,4243015388434483
5057024,4276069439975443
5054978,4240885067886643
5048353,4278199744790803
5046307,4243015372702003
5048833,4278199744794643
5046787,4243015372705843
5048326,4276000721539123
5048836,4276000721547283
5046790,4240816349458483
4589579,913694448943123
4589609,913694448943363
4741140,1108320623603713
5048325,4278199746891793
5046279,4243015374802993
4590089,913694448947203
5054469,4243084094287888
5046789,4243015374811153
7276544,4278199761698833
7274498,4243015389610033
7145504,4276000721666323
7143458,4240816349577523
7145984,4276000721670163
7143938,4240816349581363
4589581,913694451044353
4595725,878578798440448
12883984,1109420135154433
7274497,4247413438218256
4588045,878510078963713
7151617,4243084094410768
7143457,4243015374930193
5308754,897206605316593
7143937,4243015374934033
7145476,4276000723767313
7274500,4243015391711248
7143430,4240816351678513
7151620,4240885071163408
7143940,4240816351686673
6686729,913694451105793
7143429,4243015379128336
5179408,4348568538251281
5048338,4346369481441331
5185552,4278268513554448
5177392,4278199794073873
5046322,4276000737263923
5177872,4278199794077713
5046802,4276000737267763
5177361,4282597841633296
5046291,4278199761567793
5177364,4278199795126288
4589593,984063226675201
4587547,913694482497553
4595737,913763201978368
4587577,913694482497793
5046293,4278199763669008
7143442,4276000738443313
9830473,297969550099216
7143444,4276000740544528
1507339,860918427681073
13436960,4276000721535763
13434914,4240816349446963
13436929,4278199746887953
13434883,4243015374799153
13434913,4243015374799633
1507341,860918429782288
12978185,913694451040513
12976169,878510078952193
338466,863185347293503
2671748,281556853666048
15663104,4243015391707408
15534080,4276000723763473
15532034,4240816351674673
15532064,4240816351675153
15532033,4243015379124496
5769416,898305026621713
5898440,865319694565648
5767370,863120654532913
5767400,863120654533393
5767369,865319678837008
13565968,4278199795122448
13434897,4278199763665168
15532048,4276000740540688
5767384,898305043398928
401549,298037195911168
393869,297968476434433
5179456,4278200028954673
5048386,4276000988921971
5048416,4276000988922163
5048896,4276000988926003
2498697,298037196034048
5048385,4278200013226033
2490537,297968476553473
2491017,297968476557313
11060352,281556853658368
4589641,913694985814033
4587595,878510613725233
2490509,297968480751616
5046341,4243015643238448
598850,844498213089523
7274560,4243015658045488
7145536,4276000990101553
4587597,878510615826448
395417,350745066012673
7143492,4240816620113968
14155976,863120655581968
6684745,878510615887888
624962,862030269579763
2626697,302439521517568
2687299,845529008505073
5046353,4278200030003248
7143504,4276001006878768
8781993,297968476422913
1507401,860919501422896
10879113,297968480747776
13434945,4243015643234608
12976201,878510615822608
44578,17802639520543
109090,299140177212223
100902,299071458784063
35367,18695995798303
100914,334255846593343
35382,52780870939423
10650629,3371582034688
10781701,284846541968128
10657797,3371581911808
10846213,847727775781648
14974981,865319961826048
10788869,284846541845248
11051013,282647518720768
10520069,1172542010113
10519047,1103822402323
10521093,18696008446723
10650117,3302862435073
10519077,1103822403331
10781189,284777822368513
11043333,282578799244033
10649621,20895082025728
43618,17665468937023
2100774,17660908876063
35430,17596750508863
5050882,4276005015457843
35442,52781138318143
11826,52982733418783
623938,844506803143153
4260322,862022216516083
4260802,862022216519923
6096898,4276000988922163
6094882,4240816616833843
5638153,913694985814273
13731872,897206052720403
13729826,862021680631603
5636137,878510613725953
10059810,844429494652723
14190624,897206052785923
13928480,898305564348163
9797666,845529006214963
9479712,210722963203
13926433,865320217612033
9535523,282579054890803
9732131,284778078146323
9601059,3303118212883
10256417,847728031633153
9734177,302370264190723
9603105,20895304257283
9732641,284778078150403
9601569,3303118216963
9478689,1172797669123
13666340,334256101400323
9535526,281479543267123
9480228,17665472085763
9478182,73286041363
9479204,210725060353
289285,302438715289603
9601572,1104094969603
9470502,4566564631
9478692,73286057731
9732644,282579054903043
9994788,281479543340803
9472548,17596752609031
5079328,4240829233300273
9470501,1104082386691
15763488,334256101461763
11568162,73286225683
11632674,281479543328563
11576352,210725183233
12093472,299071729504003
12353568,845529008508673
11568672,73286229763
11575840,73286106883
12091936,281479543463683
8400418,17798345601823
11567652,4570824451
9603120,53880684547843
4201746,545439388598323
5636109,878510615826688
9601073,20895337811713
9472049,53880653090563
9472052,52781141466883
9470516,17596769386243
8192001,4243015643365648
11569200,52781141528323
4260306,897206605381873
8392230,17660908745503
1084002,17597286324031
10489378,17660908868383
6225936,4278200062509328
554500,299286207393793
5832904,1989020561375536
9537632,299072264081203
9601122,1104629731123
9472098,17597287370551
9478242,73820806963
9535586,281480078036851
9732194,282579589664563
9471074,73820868403
9470562,5101330231
9478752,73820815123
9732193,284778615017233
9472097,18696801095443
9601121,3303655083793
9535585,282579591761713
9470561,1104615055123
9472100,17597289471763
9535588,281480080138033
9478244,73822912273
11568224,73823096593
11569248,17597289533203
11632736,281480080199473
10497029,18897872040193
11567712,5103492883
10617893,3367287067393
10488869,18760433079043
10486823,1168247034643
10618373,3367287075073
10489349,18760433086723
9472112,52781676236563
9470066,17597304147763
7147522,4276005016633393
2917505,847796752023808
2663556,281685702684928
11306112,845597728768768
11109504,844498217141008
15532096,4240816620110128
10780805,284778090926848
10649733,3303130993408
10526853,1172810445568
10519173,1104090968833
14483457,4243015643235088
3720320,281557388432128
35554,17597286388543
2720960,844498751914288
11874,17798612988223
16580608,4240816620110608
5050402,4276005015454003
166450,53880415064863
43570,52849589367583
4653129,2004410520567856
10518725,1104627831568
67915,302370798960883
3966080,845598263542528
4722210,897270207942943
65871,284778615017713
13666464,334256636235523
9471138,73820999443
9479328,211259956993
9996448,299072264277763
9994402,281480078233363
9473184,17666007043843
9471648,73821003523
9994912,281480078237443
9478816,73820880643
9472161,18696801160963
9470115,1104615116563
9732257,284778615082753
9471137,1173334724353
9601185,3303655149313
9994401,282579591958273
9470625,1104615120643
9472164,17597289537283
9470118,5103492883
9478308,73822977793
9471140,73823100673
9994404,281480080334593
11698336,1104632024833
11829408,282579591958273
11575456,73823100673
11632800,281480080330513
15761568,299072266374913
11568288,73823358721
11567265,1104619441921
11567268,5107818241
11567237,1104627832576
9472176,52781676302083
4233490,545387848925491
4233520,545387848925971
11567280,17597306441473
8423974,17596484171551
6225984,4243016193737008
6096960,4276001525793073
6094944,4240817153704753
6094913,4243016178008368
8718882,863116628857663
9470178,6175133491
1640770,862022216516083
11567328,6177361681
1639234,844430030475763
8192064,4240817154883888
77346,299273321263423
3047433,860922188071168
4620313,913698777465088
6094928,4276001542570288
8880137,860922187875088
9338889,860922187940608
10519565,3371833692928
11042829,284778090926848
10526733,3371833570048
10519053,3303114093313
925709,860986612461568
8814617,315564454052608
918029,860917892984833
5181442,4278204055486513
35434,18696797950783
491593,860922722648368
3022857,860986612584448
3014667,860917893103633
9830537,297969550164736
3015177,860917893107713
3014669,860917897302016
14483520,4240817154753328
919577,913694482563073
10518605,3303650956048
917533,878510112575488
1540105,860922722648848
5668873,878514908693248
1474585,315564988826368
352774,845597457313843
5063936,4240897952911408
9797672,847728566341393
9535530,282579589664563
9603112,20895839031043
9734184,302370798964483
13926440,865320752385793
13666344,335356147797763
9732138,284778612920083
9601066,3303652986643
9732648,284778612924163
9601576,3303652990723
9478696,1173332442883
9535529,284778615017233
9601065,7701701594881
9478185,3372357787393
13664297,302370801061633
9732137,289176661528321
9471017,3372357848833
9601068,3303655087873
9732140,284778615021313
9469998,1104615055123
9472044,18696801099523
9478188,1173334540033
9469997,3303642504961
11698216,3303655149313
11569192,18696801160963
11829288,284778615082753
11567146,1104615116563
11568168,1173334724353
12091432,282579591958273
11567656,1104615120643
11567145,3303642566401
11567117,3303650957056
9472056,53881187864323
9601080,20895872585473
4267280,1108389342019633
9470009,20895841128193
9306153,860917892973313
1312970,302369724236083
9470058,1105686695731
1313000,302369724236563
9470057,3304712048401
11403273,860917897298176
10560517,282780662706448
11044224,281556853654288
7278592,4278204056666128
950409,860922722844928
2917512,847797286797568
5177474,4243015656996913
2523273,297972771520768
5046434,4240816616964403
5046914,4240816616968243
5048960,4276000989057043
5048449,4278200013357073
5046403,4243015641268273
8814729,297972771390208
5046405,4243015643369488
7143560,4243016178401296
4587661,878510615891968
7143553,4243015643627536
5046418,4276001005830193
917579,860918427746353
5046417,4278200030134288
4786498,2023105958576371
917581,860918429847568
6821000,898374821675008
2655680,281557388427568
9470121,3304712113921
4265282,897283361145073
11567272,1105688989441
917593,878510647345168
13435009,4243015643365648
1344712,284850552767248
1213640,3375592833808
1212618,3306873226033
1148104,282651529511728
1278152,284781849936688
1081578,1107833194291
5537992,865323972625168
1343690,284781833159473
1082058,1107833197363
1082570,1176552801073
1090760,1313991758608
1082569,3375577105168
1081547,3306857497393
1147081,284781834208048
1605833,284781834339088
12976265,878510615888128
5181456,4348572833218576
1081549,3306859598608
3309768,3306874405648
3178698,1107834372913
3440840,284781834339088
3244232,282582811083568
3178700,1107836474128
1052258,17661710897983
1212632,20899092824848
9470153,3306859595536
11567304,1107836471056
9306185,860918429843728
8424226,17605072000831
10780933,284786412294928
10649861,3311452361488
10526981,1181131813648
10518791,1112412328753
10519813,1181131936528
10584325,282587389039408
11043077,282587389170448
10519301,1112412336913
5052418,4346373759631411
491842,847736635130353
362818,863129781142003
229730,282587658454003
99682,281556849591283
361282,845537595101683
100706,299080316093431
4293442,862030269518323
360771,847736619401713
98662,281488131101683
2720066,844438084714993
5046466,4240817153835121
5054656,4240885873315888
5046496,4240817153835313
5046976,4240817153839153
100690,334264704958963
98674,299080332870643
5046468,4240817154887728
8489282,299080317142003
8749378,845537596146673
12681538,862030270563313
8487266,281488131098611
8487746,281488131101683
721346,845529559007473
598466,844498750083313
10518853,1112680764208
7143616,4240817155145776
590275,845529543278833
2687426,844430031913201
4483588,898374015447043
9797920,845537596149553
9472290,17605340434231
9732386,282587642728243
9478434,81873870643
9537824,299080317144883
9535778,281488131100531
13666592,334264689233683
9536288,281488131104563
9470754,13154393911
9478944,81873878803
9601313,3311708147473
9472289,18704854159123
9535777,282587644825393
9732385,284786668080913
9470753,1112668118803
9535780,281488133201713
9478436,81875975953
4481541,865388668710913
9472292,17605342535443
11569440,17605342596883
11632928,281488133263153
11568416,81876160273
12091680,281488133394193
11567904,13156556563
27426,17673790452031
71106,299149572636913
9472304,52789729300243
9470258,17605357211443
1966093,860918429847808
590290,862022233424113
1147218,299080869741553
3704192,281557388428048
1378504,865319677657393
1376458,847727491613041
1384648,847796211093808
9535810,281488667969521
9535840,281488667971441
9478496,82410741553
13664608,299080854015793
9732448,282588179599153
1376968,847727491617073
1376457,852125539172656
14689285,300372848750848
13435072,4240817154883888
1966105,878510647345408
9470320,17605894082353
35746,17605339452223
5066760,4278212897083408
2721152,844506804977968
27412,52858180399123
4742160,1108389342154753
5543952,1109420402541313
4229670,334255830872863
4721442,897205783302463
10518917,1112680895248
2490569,297969550295056
360898,845538132034033
2195906,281488668164593
8416004,17673793630483
983113,1986818334588976
8487362,281488668034033
4260202,863121728078323
4260682,863121728082163
2888833,865388938067968
4260171,865320752382193
6094978,4240817153835313
6226048,4243016193868048
6097024,4276001525924113
6095008,4240817153835793
6094977,4243016178139408
9472416,17605877370643
9535904,281488668036913
9471392,82410934033
9994656,281488668167953
9470880,13691330323
9470369,1113205051153
9470372,13693427473
1147330,281489740727281
4260186,898306116944113
6094992,4276001542701328
9470432,14765068081
2651264,299286476566528
491785,860930775712048
8814857,297980824388368
14483584,4240817154884368
10518797,3311704019728
5084160,4276082324996368
99146,282588178551283
426313,297981359161648
98635,284787202851313
5051393,4278272759365648
4229730,334256098251583
3810,17661711028543
8487242,282588179596273
5111833,2039594389405696
1474825,297981359162128
9601320,3312242921233
9472296,18705388932883
9535784,282588179599153
9732392,284787202854673
9470760,1113202892563
9470252,1113204989713
11567400,1113205051153
90886,281556582199411
90916,281556582199603
6095040,4240818227577136
5507272,900504049746193
5505226,865319677657393
9470312,1114276630321
5505256,865319677657873
2188036,281556584362033
925833,860987147358208
917643,860918427877393
917673,860918427877633
918153,860918427881473
5083138,4276013605388593
5083168,4276013605389073
5083137,4278212629692688
4624393,913707333845248
459586,847728045199603
7180288,4276013606568208
336706,845597724651763
918665,860987147616256
330051,865320215511283
9536096,281480078040883
13893832,865319678706448
328007,847728031568113
6096928,4276000988922643
1052322,17661711029023
4495384,1111619425796353
595266,862098989187313
330066,898305580073203
1083848,18708609172273
1081802,1116423127921
1089992,1185142608688
1147336,282591399838576
1081832,1116423128881
5276104,300183585882928
1082312,1116423131953
1081804,1116424180528
1081816,18708625949488
9470408,1116424177456
13471744,4276013606437648
90466,281556849537523
213826,282587658465523
90946,281556849553651
82786,281488130060791
88386,334281868054771
170530,53888971445023
563746,334264419816223
4364816,546470214242563
5046314,4243015640088883
10653701,20903638405888
10523653,18773317980928
10530821,18773317858048
10784773,302378598339328
10524677,53888970461953
14716933,335363947172608
11046917,300179575214848
10523141,18704598381313
12752912,546470215287553
12622352,545370670109443
12621841,546470183830273
10522645,53888987239168
4298832,1108320890913073
5179648,4278204055486513
5080320,4240897952907568
4784578,1987922123489521
5412880,546470482674433
9607200,53889240928003
9476130,52789712523031
9738272,335364200861443
9484320,52858432003843
9541664,334264689233683
9539618,299080317144883
13930528,898314154282753
9476640,52789712527111
13668896,334264689237763
9482784,17674059923203
9605153,20903894191873
9474083,18704854159123
13668385,335364202958593
9736225,302378854125313
9474593,18704854163203
13668388,334264691334913
9474086,17605342535443
9482276,17674062020353
811525,847796482732033
15765536,334264691396353
11571234,17605342596883
11572256,17674062204673
12095520,299080319438593
11571744,17605342600963
9605168,53889274482433
9474098,52789729300243
9476144,123158473477891
4726032,1108389342150673
9474608,52789729304323
9474097,53889243025153
9474100,52789731401473
11571248,52789731462913
4221700,334333140332563
4219654,299148768243763
2908676,845597459607553
4233776,545370669060871
15532040,4243015643365648
5570760,1991219584500016
9539680,299080854015793
13668448,334265226104593
9474656,17605877309203
9474145,18705391030033
9474148,17605879406353
11571296,17605879467793
11019269,282780662968576
9474160,52790266171153
39586,52789711541023
10522757,18704866939648
5177416,4247414240247856
5046346,4243016176959601
5054536,4243084896440368
5046376,4243016176959793
5046856,4243016176963633
5046345,4247414224519216
5046348,4243016178012208
13666400,334256636170003
13664354,299072264081203
592202,863121728143603
721226,847728582131953
590186,845529542099443
590666,845529542103283
590155,847728566403313
2687306,845529543278833
13668512,334265226170113
9474210,17605877370643
9475232,17674596978433
9998496,299080854212353
9474720,17605877374723
9474209,18705391095553
9474212,17605879471873
1966217,860919501619456
9474224,52790266236673
6131712,4276013873824528
1507650,847728582066673
1378626,863121728078323
11173893,284777839268608
1377090,845529542038003
6837376,897283363115008
1376579,847728566338033
13434952,4243016178008368
593442,862085835854143
4364312,548669505929473
430105,350757413978368
8818697,315573010432768
10522637,20903890064128
5047306,4243084359696433
5055496,4243221798653968
80418,334324549300543
72230,334255830872383
2132518,17596484236063
1139010,281557386408433
1130822,281488667980273
1478665,315573545206528
9765186,845529543082993
5281816,546470985990913
6096904,4278200549048593
6094858,4243016176959793
6094888,4243016176960273
9605160,20904428965633
9736232,302379388899073
9474090,18705388932883
13668392,335364737732353
9474600,18705388936963
9474092,18705391034113
11571240,18705391095553
9474104,53889777798913
4285188,862098721665073
8192008,4243016178139408
2627008,299149574471728
1966280,852125555032336
1837256,865319677788433
1843400,847796211224848
5067008,4276030785261616
1835720,847727491748113
6094872,4278200565825808
1835209,852125539303696
3932360,847727493054736
9519426,281488667972593
625186,862021411214143
1835224,865319694565648
9535650,281480078102323
14483464,4243016178008848
1378850,863116896244543
4221445,335424064122883
13729888,862022217502513
2692480,862098991022128
1347784,302382609138448
1085642,18708609172273
1086664,18777328780048
1216712,20907649205008
1087688,53892981261073
1151176,300183585882928
5279944,335367957971728
1609928,300183586013968
1085641,20907633476368
3182792,18708610351888
1085656,53892998038288
6094920,4243017250701616
4284738,862098989002993
4276578,862030269518323
11108357,845528752657168
409677,297972771336208
4276550,862030270574833
4299024,1108337802346801
4276562,897214658384113
4725778,1108380752216083
104770,334281868050931
4297026,897231821472241
102754,299097495962611
5083264,4276013873955088
12091426,281479543459603
9477152,52858432065283
459202,847728582131953
330178,863121728143603
328162,845529542099443
328642,845529542103283
328131,847728566403313
2425282,845529543278833
4340240,546530343792643
4331539,548660648607763
4331569,548660648608003
9476384,52806892392211
9474338,17622520303411
543522,299080047735103
475149,860922187886608
4331541,548660650708993
549638,281556582264883
1151298,299098032833521
1120802,334256098251583
9474400,17623057174321
2646788,281556584493073
90562,281557386473713
82402,281488666989043
10027330,844430031520753
4753954,897205783302943
2179522,281488668168433
5177480,4247414240378896
5054600,4243084896571408
5046440,4243016177090833
5046920,4243016177094673
5046409,4247414224650256
5046412,4243016178143248
1458189,297972771336448
2633344,299273591664643
2631298,281681405620243
2631328,281681405620483
12720145,548660650705153
2761857,284979959369728
2631297,282780919345153
2761860,282780936122368
2632836,299273593761793
2630790,281681407717393
12589108,545362082272003
2630820,281681407717633
2625156,299136154808323
2623110,281543968763923
12589588,545362082279683
2631300,281681407733761
2623140,281543968764163
2630789,282780923539456
9994338,281480078102323
2753681,302434740011008
6821248,897283363110928
12091488,281480080330513
4234288,545439388599043
2630804,299273610539008
13435016,4243016178139408
9846793,297972771328768
4331602,546461892739123
11013280,299136154796803
11011234,281543968752403
11019424,281681407709953
11019904,281681407717633
11011744,281543968756483
186626,53940511052083
186656,53940511052563
64256,52909702148371
15237125,863120938701568
3014697,860917893103873
184594,53940544606513
4856848,1109480297398273
12156960,844429496880913
5325122,862030806389233
2624706,299136689569843
2630850,281681942482993
2622690,281544503525683
2623170,281544503529523
2631360,281681942491153
590282,845530615972081
2753729,284843057283088
2622659,282644017250353
2630849,282781456207888
5064706,4276005015457843
5065216,4276005015466003
5063170,4240820643377203
2622662,281544505626673
2623172,281544505634833
4397104,1109411577725203
4397584,1109411577729043
4397073,1111610602029073
4266003,1109411545219123
5062661,4243019669778448
4266516,1108312033603603
7159809,4243019669901328
19242,18704851022143
615172,844506535686193
7159812,4240820646653968
5193744,4278204089045008
36642,17673790493503
6029512,1991219584631056
1704392,284781850067248
11011266,281544505622833
11019456,281681944580368
11011296,281544505623313
5380144,546461892739843
55618,52841251082611
63808,52909970567473
2690178,862086106120243
2819201,847792473833488
2688644,844493922185233
10059872,844430031523633
5046552,4278204323921968
2888840,865389472841728
393549,297972771328048
6094984,4243017250832656
2490697,297972771389488
409741,297972771401728
3673248,299136689570563
3671202,281544503526163
3679392,281681942483713
3679872,281681942491393
3671712,281544503530243
3802241,284843057283328
3679361,282781456208128
1085896,18725789041456
3671201,282644017251073
2506889,297972771524608
3671204,281544505627393
3671684,281544505635073
4397136,1109411846160433
11076768,844493922173713
121090,334315959357811
129280,334384678842673
608578,862030269583603
614722,844506803024113
606562,844438083539443
606534,844438084595953
313890,300179559297823
60932,17811230552323
58886,219044507923
320036,282656093827843
123398,281556582199603
320005,284855119180033
2950280,1973692898672656
57908,17673808311043
8708612,282656095924993
8512004,281556584297233
8446469,1181123408641
10543620,81611846401
10536965,18704598381313
10534919,1112412336913
10543109,1181131830016
10600453,282587389047568
10534949,1112412337921
14729221,300179575091968
10535429,1112412353281
250128,335415521317168
8446484,17673810408193
10534933,18704615158528
57956,81873924883
57926,81873924403
459021,860922187878448
16285728,862021682925313
12190848,282644034028288
12061824,299136691667713
12059778,281544505623313
11012642,299067166102303
12059808,281544505624321
5249136,545362884428563
12060288,281544505627393
12059777,282644021445376
8446532,81876022033
12059780,281544509821696
10534981,1112680772368
2819264,845593985351728
2690240,862086642991153
2688194,844494456946801
2688224,844494456946993
2688704,844494456950833
1100322,17605339395871
1107460,219312943873
1106438,81873924883
1106468,81873925891
1108484,17674059969283
1106437,1181387649793
3203588,81876087553
13682720,334264689237763
9551906,281488131104563
9494562,81873878803
9495584,219312897793
9487904,81873944323
9552416,281488131112723
9495072,81873895171
13681184,299080317157123
9486371,1112668118803
9488417,18704854163203
9617441,3311708151553
9494561,1181387603713
9748513,284786668084993
9487396,81876041473
9748516,282587644837633
9551908,281488133209873
9495044,81876023041
157189,3509008330753
13680676,299080319254273
9494564,81875992321
12059792,299136708444928
9486373,1112672321281
11584544,81876164353
11585568,17605342600963
11583522,13156556563
11591712,81876041473
12107808,281488133398273
11583524,13160759041
11583493,1112680773376
9488432,52789729304323
9486896,17605357223683
9486388,17605359320833
1106500,82410795793
9551968,281488667975473
9494624,82410749713
9488480,17605877309203
9486433,1113204989713
11583584,13693427473
4276674,862030806454513
1638856,845532763455856
59012,219313074433
58020,81873990403
2679936,281694290522368
2155140,81876218113
8446596,81876087553
6827136,897407917166593
6818976,897270478209283
6819456,897270478213123
6825600,862223545085953
6818945,898369991933953
6947969,865384659877888
8416772,17802642714883
6825089,863323058802688
6818948,897270480310273
6817412,862086108229633
12091552,281480080592641
9830665,297972771324688
459082,852126628577521
336202,847797284770033
459081,860922722648176
328011,852126612848881
1106564,82410861313
6816913,898370008711168
51747,18704583635743
6816916,897270497087488
12059840,281545579365136
2425162,847728566403313
51750,17605072024351
188964,1181133894403
59940,17673791533831
57894,81605489431
9487520,82410938113
9488544,17605877374723
9494688,82410815233
9486498,13691330323
10010784,281488668172033
9486497,1113205055233
57863,1181119213843
188933,3380159246593
59909,18773305258243
2148898,17605072073503
3736736,844494456947473
3736705,845593970671888
2157060,17673793696003
328026,865320768110833
2155014,81607651603
3736708,844494459048208
15207552,897270480306433
15213696,862223547175168
15205536,862086108218113
4249858,404684703535411
4256002,334384678842673
4249888,404684703535891
4256032,334384678843153
4250368,404684703543571
59924,52858180399363
90442,282656898035953
82282,282588178551283
9306137,878510112571648
57900,1181385552643
57869,3380410904833
3016713,878510079148033
8446476,1181387649793
5049088,4276005015457843
8440354,17605072008991
5048577,4278204039757873
8577540,1181135991553
5046533,4243019669770288
596514,897205783302463
7274752,4243019684577328
7145728,4276005016633393
5314640,1108312837849393
7143684,4240820646645808
1655106,844438620410353
6819008,897271015079953
6816962,862086642991153
6825152,862224081948688
5046545,4278204056535088
6816961,863186156716048
1106444,1181922423553
6816964,862086645092368
7143696,4276005033410608
91654,281685431283763
9748520,284787202858753
9488424,18705388936963
9617448,3312242925313
9486378,1113202892563
9494568,1181922377473
11583528,1113205055233
933901,860922187952128
5062920,4243028524994608
5066754,4276013605392433
1507593,860922722648368
2703682,844438084718833
2188804,281685433511953
6816976,897271031857168
13435137,4243019669766448
1180874,3371297866033
1051850,18764443877683
1189064,3508736823568
1180904,3371297866513
1051880,18764443878163
10814469,847792200421648
15532288,4240820646641968
3736768,844495530688816
5767624,863124949500208
363042,863120922776383
6099008,4276005820760368
15205568,862086645088528
10059936,844430031654673
2490761,297972771520528
4587849,878514908692528
9569480,3371298915088
123428,281556582200083
7867520,897271015080193
7873664,862224081948928
7865504,862086642991873
7865473,863186156716288
1229000,3315463164688
1360072,284790423098128
1098952,1185142739728
1097930,1116423131953
1106120,1185142616848
1163464,282591399842608
1622216,282591399973648
1098440,1116423140113
1097929,3315447436048
1097932,1116424188688
3195080,1116424311568
7865476,862086645092608
1083594,18700019237683
4315392,967634656956721
4444416,898365441184048
4313346,897265912779121
58118,98785358131
58148,98785358611
8446724,98787455761
5048480,4276000989053203
10535173,1129592206096
4313360,967634673733936
115042,281505309922291
115522,281505309929971
5296386,334316227793713
6882496,1987986549833776
5079112,4243020471927088
4856336,1109411577794563
4733456,1108380752097283
4222468,334461989416963
4855825,1111610602094593
9486626,30334263091
9487136,30334271251
9486628,30336368401
281378,300179559297343
9496608,17674059923203
4725268,1108312033669123
9617952,1112682807043
9488928,17605340446471
9486882,13154402071
5197824,4278212645425168
6952976,1109411578970113
6821906,1108312033787923
6821936,1108312033788163
9617444,1112684904193
6822416,1108312033792003
1163586,281505846793201
6317572,299277619556353
6821905,1109411547512833
5062848,4240821448806448
6821908,1108312035889153
4266192,1108312837914673
1246408,284846274576688
1123528,282784673501488
9486688,30871134001
1115368,282647234544433
14943237,865384386466048
1115337,284846258848048
4491810,898305294865183
2688208,862086659768368
166690,18704599356223
14188704,862022217699073
35619,18704583627583
13113392,1108312033657603
459145,860922722713648
2132770,17605072065343
15210512,1108312035885313
4522314,1991220658176241
4758544,1108389342150913
4254212,334333140332803
4252196,299148768244483
4724818,1108312301043763
579842,334315959423283
579872,334315959423763
577826,299131587334963
580352,334315959431443
578306,299131587342643
578336,299131587343123
4276554,863130318016753
9797665,847728031567633
12640772,299148770341633
9994281,284778615082753
4589705,913694985879553
35682,17605339386751
51874,17605339460383
4790290,2234211939450931
4331546,548660915994643
4331576,548660915994883
4332056,548660915998723
353028,845606047248433
5067776,4276082325000208
11048064,299149039698688
5773360,1108312301044483
5048704,4276005284020273
101154,299080047661951
5046657,4243019936235568
2761864,284980494143488
2631304,282781454118913
2753673,289241103794176
2624649,302435226550273
2622603,284843040505873
2622633,284843040506113
3018761,878514374115328
2623113,284843040509953
2753676,284843057287168
2623116,282644017262593
2622605,284843044704256
75586,281685698621683
9797728,845529543085873
5046672,4276005300797488
917833,860922722713648
5083144,4278212897079568
2753688,302435274784768
2622617,302435243327488
934025,860922722848768
1084194,17605339387711
1098184,1133603001136
645376,897265912844593
11142280,284843057283328
651520,862150260240688
4331608,548661452865553
11019400,282781456208128
643360,862081540756273
475458,847736635134193
4200538,546462396055603
11011240,282644017251073
352578,845606314586353
643840,862081540763953
344418,845537595101683
11011209,284843044700416
344387,847736619405553
344390,845537596158193
64004,52875343491331
61988,17690971403011
4249648,545387848930051
4250128,545387848937731
3080201,1986817799946256
8450564,17690973500161
10539013,18721778250496
643344,897265929621808
28165,18902154342403
9601314,1112682794803
106850,281556849529843
107330,281556849537523
5046720,4240821448802416
99170,281488130053111
98659,282587642725363
99142,281488131109363
2622665,284844114247696
2195810,281488131163123
552452,299277617459203
550406,281685431414803
550436,281685431415043
9492512,52806892396291
9490976,17622520315651
9490468,17622522412801
550405,282784945139713
2647556,281685433774081
154146,53888971452703
31266,52858162540831
23075,53888955724063
162308,53957692026883
31238,52858163621911
23078,52789444112671
31268,52858163622151
5309640,863189374009648
160261,20972345290753
11273221,847792200683776
6825104,897407933943808
2120226,52789444161823
3708032,299149574472448
8487235,282587644822513
8487238,281488133198833
23090,123158204002591
5380120,548661452865793
5249080,546462396056323
160276,53957725581313
31252,123226924576771
10584386,281488133260273
8939012,281685433512193
2819208,847793008607248
4206114,334457693352223
2688140,845593970675728
576034,299080047735583
9601376,1113219665713
4855952,1109411846356993
4724882,1108312301174803
4724912,1108312301175043
582180,281556582265603
4725392,1108312301178883
6095232,4240821448802608
5079424,4240829501866288
2679300,281556584493313
3671177,284844114247936
5062728,4243020471930928
5341384,863124949369648
4772098,897265912844593
11076744,845593970671888
4780288,897334632329488
4266072,1109412349476913
4772128,897265912845073
1966121,860918427747073
4772608,897265912852753
1115490,281548796527603
606538,845538132037873
6869248,897265914024208
8970756,281556584362753
334370,898305294864703
1691904,862081809191728
12059784,282645090992896
1392962,845538131972593
6853760,897283363111168
13160704,897265913893648
2688200,845595042316336
96772,334333140332563
4724944,1108312838045713
94726,299148768243763
6947984,898370040168448
1278274,282588195324913
1155394,281557386400753
1147203,282588179596273
1147206,281488667972593
3244354,281488668034033
4772160,897266181280048
6818952,898370526707713
6947976,865385194651648
6825096,863323593576448
917897,860922722844688
6816908,863186156720128
1079812,52858432057603
5083392,4276030785257776
4262562,897201756770623
6816920,898370543484928
51754,18704851022623
4331672,548661452931073
59938,17673790452511
27397,18773305258003
1736904,284781850067728
1605834,282582810034993
4837632,2023165819687216
15205512,863186156716288
512256,865380092350768
317698,335415470985523
587008,299337745903888
389376,863249771802928
317728,335415470986003
184610,18756138963763
127264,299200306754353
119074,299131587269491
318208,335415470993683
187136,53940511060243
185090,18756138971443
316162,300231098904883
62210,17725330059571
185120,18756138971923
62240,17725330060051
381696,863181052326193
119554,299131587277171
55555,53940495323443
381185,865380076622128
4509953,900564448710928
55585,53940495323923
53539,18756123235123
4313345,898365425455408
56065,53940495331603
54019,18756123242803
54049,18756123243283
121092,334315960414513
381188,863181053374768
4247814,334315960414513
4509956,898365425463568
119076,299131588326193
4247844,334315960414993
643332,862081541812528
4772100,897265913901328
56068,52840983720211
54022,17656611631411
54052,17656611631891
315653,302430125306128
55557,53940497428753
184581,20955165372688
53511,18756125339953
53541,18756125340433
119045,300231102050608
4247813,335415474139408
6410496,897265913893168
2740480,862081541935408
2159872,17862770241808
2152706,52840983761203
2152736,52840983761683
2150690,17656611672883
2153216,52840983769363
2151170,17656611680563
2151200,17656611681043
15205520,897270497083648
2152708,52840985866513
2150662,17656613777713
2151684,17725333385488
2216196,299131590488368
2150692,17656613778193
6344964,334315962577168
2674948,299131590619408
446736,337614544572688
55570,123209743601971
192784,54009264091408
61714,52909718909233
184624,53940544606993
55600,123209743602451
61744,52909718909713
119088,334315976135473
56080,123209743610131
185104,53940544614673
127248,334384695619888
119568,334315976143153
184593,56139568910608
184596,53940545663248
53526,52841000481073
119060,334315977191728
53556,52841000481553
53525,53940514205968
2150676,52841002643728
5773456,1108312838045953
8769792,863181053367088
8509696,334315960406833
8451328,17862770111248
8450306,17725331092273
8515840,299200307802928
8442146,17656611608371
12636418,334315960406833
12898560,898365425455888
8508160,299131588326193
12636928,334315960414993
12644608,334384679891728
8452352,52909703181073
8442656,17656611616531
8444192,52840983697171
8444161,53940497421073
8573185,20955165365008
8704257,302430125298448
8442115,18756125332273
8450305,18824844817168
8507649,300231102042928
12636417,335415474131728
8442625,18756125340433
8443140,17725333254928
8573188,18756142117648
8450308,17725333205776
8704260,300231102051088
8442148,17656613713681
8966404,299131590488848
8442628,17656613729041
8442117,18756129534736
10540288,17725333377808
10541312,52840985858833
10539266,17656613770033
10547456,17725333254928
10604800,299131590480688
14733568,334315962569488
11063552,299131590611728
10539776,17656613778193
10539268,17656617972496
8573200,53940545655568
8442130,52841000473393
8450320,52909719958288
8507664,334315977184048
5048584,4278204307144753
8442640,52841000481553
8442129,53940514198288
10539280,52841002636048
4510016,898365692842288
4313408,897266181214576
62784,17863037497648
4256064,334384947278128
4247904,334316227793713
53602,17656878994291
61792,17725598479153
4248384,334316227801393
54082,17656879001971
2556937,860986612580368
55620,52841252139313
4247876,334316228849968
53604,17656880050993
53573,18756393775408
13664546,299080317144883
2150724,17656882213168
184656,53940813041968
61776,52909987344688
53616,52841267860273
54096,52841267867953
53588,52841268916528
8444224,52841252131633
8450368,17725599527728
12636480,334316228842288
8442688,17656880050993
8442177,18756393767728
5820672,897266181280528
10539328,17656882205488
138018,53888971444543
69058,299140982702323
75202,281686235615473
67042,281548796658163
67522,281548796662003
8442192,52841268908848
6947,53888955715903
1169664,334316227793713
1112320,52909970567953
1110274,17725598479153
1104160,52841251084051
1102114,17656878995251
1175808,299200575189808
1429760,863181320753968
1168128,299131855713073
5304576,334384947278608
5296896,334316227801873
1102624,17656879003411
4196903,335351049629983
1104132,52841252139793
1102086,17656880050993
1167620,299131856761648
5296388,334316228850448
1102085,18756393775888
3199236,17656882213648
1233168,53940813042448
1102098,52841267860273
1110288,52909987345168
1167632,334316244570928
1102608,52841267868433
4601872,1111679320461313
1102100,52841268917008
4744708,862227570880513
4593681,1116008648540161
9490692,17656882149136
4593684,1111610602033153
10011168,281488131178243
4462613,1111610570575873
4292946,897214658380273
6962,123158203994431
6690832,1111610602094593
10010660,281488133275393
1364288,300231904203568
1102146,17657415865201
1103168,17726135407408
1233216,18756944270128
1102176,17657415866161
1167680,299132392575856
1626432,299132392641328
1102145,18756928541488
3199296,17657416979248
4217378,404633163936031
5806096,1108320890979073
4225540,404701884510211
4223494,334333140332563
4223524,334333140332803
1639624,845597188227376
9490752,17657416914736
4223493,335432654057473
344514,845538132037873
8814665,297972771324688
4313472,897266181280048
55682,52841251148083
62848,17863037628688
643456,862081809322288
55712,52841251148563
53666,17656879059763
4772224,897266181411088
56192,52841251156243
54146,17656879067443
54176,17656879067923
6320644,334333142495233
2150788,17656882344208
4347922,546470214242323
4356112,546538933727233
4225042,545439388545043
4347952,546470214242563
4225072,545439388545283
4217362,545370669068311
4225552,545439388561411
4217392,545370669068551
4347921,548669238546433
4217361,546470181744643
8442244,17656882213648
4347924,546470215299073
4216854,545370670116883
4216884,545370670117123
10539392,17656882336528
559906,299080047727423
3024000,847929910693888
2893440,845730870669313
3015809,852190520344576
2886785,865384643100673
2884739,847792457056273
2884769,847792457056513
6314512,545370670182403
2885249,847792457060353
54720,17726135537968
55744,52841788018993
61888,17726135415088
4248000,334316764729648
53728,17657415930673
577984,299132392771888
54208,17657415938353
53700,17657416986928
3015812,847792473837568
2150848,17657417109808
2885252,845593433812993
6314004,545370672279553
2884741,847792461254656
53712,52841804796208
4237858,334324549301023
459849,860987147223088
8442304,17657416979248
100802,299080853029363
1626496,299132392772368
99266,281488666989043
5046600,4243020471926896
12612100,334333142429953
1103232,17726135538448
1102210,17657415930673
1110400,17726135415568
1104256,52841788019473
1167744,299132392641328
5296512,334316764730128
3015824,865384691335168
1102720,17657415938833
1102212,17657416987408
3199360,17657417110288
2884753,865384659877888
1102224,52841804796688
5062792,4243020472061968
11043976,282648312218368
1474573,297972771328768
182818,18704599364383
12605968,545370670117123
1102272,17658489672496
12605460,545370672214273
2647172,281685702701056
3571721,297972771390208
23202,52789711548703
11404416,847792473833728
11281536,845730872758528
4593744,1111610869415953
11273376,845593433801473
11273345,847792461250816
315682,300231098897203
316192,300231098905363
381192,865380344009008
55562,53940762710323
4509960,900564716097808
4313352,898365692842288
55592,53940762710803
53546,18756390622003
5178370,4243084108038193
56072,53940762718483
54026,18756390629683
5057536,4276206879051793
54056,18756390630163
5186560,4243221546995728
5055490,4241022506962993
5049376,4276069440094483
5047330,4240885068005683
5049856,4276069440098323
5047810,4240885068009523
53517,20955417030928
5056000,4241022506971153
5049345,4278268464398353
5047299,4243084092309553
5055489,4243221531267088
184600,56139836297488
5055492,4241022508019728
5047301,4243084094410768
8442121,20955417023248
8442124,18756393775888
7144449,4243084094668816
9863177,297972771325696
184648,20955967525168
55624,53941299581233
315720,302430927458608
61768,18825646977328
53608,18756927492913
4247880,335416276291888
54088,18756927500593
53577,20955951796528
6685705,878578798624768
53580,18756928549168
13730080,862030270566193
53592,53941316358448
5047314,4276069456871473
5055504,4276206895829008
4216914,545370937495603
4217424,545370937503763
5047313,4278268481175568
8442184,18756928541488
72482,334264419750271
4588569,913763202039808
3015872,847793008607248
2884802,845593968574513
2892992,845731407532048
1104136,53941299581713
1364232,302430927459088
1102090,18756927492913
1110280,18825646977808
1233160,20955967525648
1167624,300231904203568
5296392,335416276292368
1102600,18756927501073
1102089,20955951797008
1102092,18756928549648
2884804,845593970675728
1102104,53941316358928
4659216,2237510507823121
4528146,2235311451013171
4855832,1111610869481473
13435905,4243084094406928
6095112,4243020471927088
1102152,18758001234736
409869,297980824399888
4289028,897283093753873
2647232,281686237458448
5081090,4276005015454003
5081120,4276005015454483
5079074,4240820643365683
2639044,281548800602128
4413456,1109420167663633
4290576,1108389341966353
4282416,1108320622481683
11273408,845593970671888
402569,298174632890368
4282388,1108320623538193
7176193,4243019669897488
35626,18704851014463
5178432,4243084376473648
5055552,4241022775398448
5047361,4243084360745008
5210128,4278204089041168
9536036,281479543275283
2643076,299149039710208
593218,862090399252723
5047376,4276069725306928
5048578,4276005015453811
5265936,545370937504003
5048608,4276005015454003
80194,334333407662323
72034,334264688181751
72514,334264688185591
78658,299149035581683
13467649,4243019669766928
4064384,847793008607488
3941504,845731407532288
3933344,845593968575233
13008905,878514373919488
2704516,844498217152528
3933316,845593970675968
15564800,4240820646642448
2169154,334264689295603
5800136,863124949500688
383232,898365424406833
381216,863181052318513
