597248,897283092840497
4721922,897274502905907
4491522,898313884795187
4729858,897407646896147
4266272,967583117345075
4264226,897214373167475
4729888,897407646896387
623650,844497944773427
4266752,967583117348915
4264706,897214373171315
927232,847929640431617
4272896,897283092656177
4264736,897214373171507
4262434,897201488269631
566816,281685430317827
596736,897214373236787
47648,52858162524935
4458755,900504319164467
4392963,900500040974387
812033,847933919670272
4270594,897270207754295
6946,52789443039551
4395265,900512925876272
137475,56087995744307
4477441,900512909111297
268547,337562955677747
4460803,900512909099057
4485121,900581628588032
266584,337563776712752
336387,847792185552947
279299,284786397556787
148227,3311437623347
344833,847736350978097
475396,847736367755312
4729860,897407647952897
4272388,897283093704752
4270086,897270208802867
14598,52858163572787
607492,844506535768112
4278532,897214374228017
4722180,897270208999427
4262406,897201489326135
6918,52789444096055
72452,334264420806707
4264708,897214374228017
4231716,334264420807427
4199174,334264420806707
459270,847723482853427
376837,847736353075472
4458503,900500026298387
336901,847929626669072
664581,284979690156032
4505605,865328539119872
4261895,898301003042867
4460805,900512911200272
4264197,898313887944752
330245,865315654217747
590343,845524444983347
197127,284773531529267
131847,3302849785907
4456997,865315654217987
4327941,337550089662467
262919,284777809719347
137733,56079407919107
268805,337554367852547
6818050,897205784477747
6844416,897283093901312
2693122,897205784477747
6883330,2023101396353075
6885632,2023114281254960
6820098,897214374412337
2693376,897214374412337
2627842,334264420991027
2104578,52858163757107
2113024,52987012788227
2107138,210454655027
2695682,844493650866227
6826496,897270208999427
14782464,897214376379152
2638594,281487862870067
7079937,2026399933333505
6555651,900500026359827
6817795,898301003235347
2885635,865315654402067
2434049,847929626791952
6555681,900500026360067
6817825,898301003235587
2892801,847929627054080
6556161,900500026363907
6948865,900500043268097
2369025,284979673378817
2106883,1305673412627
2687011,845524445102387
6818305,898301003239427
2687491,845524445106227
2425347,847723468230707
6361348,897214376382512
6817798,897201491611667
2892804,845730603806720
2434052,845730603544592
6817828,897201491611907
2696196,844631092178960
6825988,897270211096577
6359046,897201491480627
6556164,898301003116547
3015172,847723485147137
2164230,281543699542067
2106886,206161801235
2687524,844424933486867
2102022,17605074169907
2687014,844424933478707
6357510,862017119399987
6816292,862017119531267
2098950,73017798707
6816262,862017119531027
2123268,210456801281
2884132,845524445114627
2891781,847792192040960
2106916,206161801475
2237445,3504717639680
2884101,847723472564225
2899973,847727767531520
2368517,284979677573120
1074336,211258913537
4266256,1108320622477361
4589586,970868817657875
592914,897270224715827
919570,900500073545747
460848,900500073480467
458802,865315701391667
4390962,898301050224947
4392978,968669794402355
461328,900500073484307
4391442,898301050228787
137490,124257749172275
4268562,897270224531507
135474,53889004994867
135954,53889004998707
13074,52858179301427
412176,337554415038467
200977,337563006009392
198675,337550121107507
133395,56079439364147
4390931,900500074528817
135443,56088029298737
332049,900512925876272
329747,900500040974387
159761,56156748787712
150033,56079439376387
152081,56088029310977
141841,56143863885827
22602,53889759973427
165937,56079439364867
167985,56088029299457
4276500,897214391005232
18710,52789460873267
4595732,900568794017792
413716,337563006021632
2117772,18705391235072
10518722,5103616817
4603924,900504369508352
4727828,897407664730112
395796,337550121119747
4588052,900500074541057
4260374,897201506103347
4886,52789460873267
37428,52789460873987
51252,52789460873987
926724,847929641480192
4390933,900500076630032
133143,56075146498067
140309,21096932913152
141333,56143865982977
133173,56075146498307
4333589,337618842693632
143381,56148160950272
135445,56088031399952
264725,337550089662467
4456981,900500043083777
131607,20890774417427
4325909,337550123216897
131637,20890774417667
135701,56079441473537
5636176,900500878786832
21066,18705387892787
3018768,900504369692672
2689042,897201506287667
2691344,897214391189552
2126864,52995619500032
3016720,900500074725377
7208976,2026399981568000
6685712,900568794202112
2108944,52982734598147
4590084,900500040986627
6488081,900500076691472
2230291,56075146559507
2754577,337550123401217
2818065,865315704733712
2230321,56075146559747
2887697,900504338235392
2756625,337554418368512
2233361,56148161134592
2230801,56075146563587
2232593,56088031461392
2237457,21096933036032
819368,847728565486337
6946836,898301053571072
6684692,900500076695552
2108436,52982736695297
2237460,18897909788672
2110484,52987031662592
6823956,897270227873792
2248724,53889008218112
2641940,334264439877632
2100756,52845297741827
2624020,334251554975747
6816276,897201508397057
2230804,53876123316227
4466693,900568745783297
4727813,863322789588992
4465669,865521812713472
8880384,847736367743792
12617986,334264420795187
8971264,281694021300992
12683520,897214374216497
8460576,334264420795187
8847394,847723482841907
12650530,897201489314615
8395042,52789444084535
12587298,334264420795187
12652832,897214374216497
4458533,900500026298627
8413474,81605440307
8471328,281487862674227
8405794,12885963575
8419360,52858163573507
12603936,334264420807427
12894209,865328539112192
12847107,900500026294547
9184257,847929626792192
8395011,53888957808947
8395041,53888957809427
8392995,18704585720627
13109281,898301003105027
8718369,865315654206227
12847617,900500026298627
8585251,284773531517747
4721157,898301003116547
12716065,337550089650947
12650529,898301003039507
12648483,863116630950707
8528417,3367274296067
8536609,3302849786627
12652804,897214376317232
8395014,52789446185267
8987652,844631091917072
9184260,845730603544832
8395044,52789446185747
13109284,897201491481347
8399908,17798347698947
12593188,334320257479427
8395524,52789446193427
8393478,17605074104627
8397862,206161654547
8462374,281543699346227
8393508,17605074105107
8397094,73017602867
8782372,284773531529987
8391206,17592189203231
8398372,206161670915
12585508,334251538002695
8454694,281474979869495
8454948,281479274836787
8389414,4298126135
12648996,862017119335187
5509440,898314690101552
8413732,73017651971
8699909,284786403848960
8568837,3311443915520
8503810,281487862674227
534274,281685430317107
8651301,284773518947075
8520229,3298559013635
14749952,897214376378672
15206402,897201491607827
15208704,897214376509712
10492162,52789446246707
14683168,334320257663747
10492192,52789446247187
10497056,17798347821827
10490146,17605074158387
15206912,897201491611907
11076098,844424933478707
10497536,17798347829507
10495490,206161785107
11076128,844424933479187
10492960,52849575920387
11018784,281543699542787
1053026,17605876253555
15204896,862017119523587
10503712,73017799427
10502914,12888125747
10502944,12888126227
10506784,17605074170627
11272736,845524445106947
11272225,847723472552705
1098498,30333219635
11304961,847727767520000
8765441,847736353067792
11059204,281487869162240
10535940,81611928320
10527748,210460947200
10495012,206165979905
2146500,13693563152
1074560,219848847632
10487332,68727026435
11010596,281474984260355
1053536,17605876257587
11272197,847723480944896
10534917,1112412336896
10494981,1305685995776
6303232,334457694531587
1065378,13690278707
10486309,1099527435011
13008912,900504369496832
12681488,897214390993712
20557,20904414294032
8423698,52789460861747
8783920,337550121108227
12648498,897201506091827
8393010,52789460861747
12976176,900500074529537
8818704,337563006010112
1054818,52781658407735
8440336,52789460873987
8409648,52789460873987
1065858,13690286387
12779537,900500076626192
8521747,56075146494227
8524049,56088031396112
13238289,900500076691712
12714033,337550123205377
8519731,20890774405907
8652849,337550089650947
8523825,56079441462017
8522257,56075146498307
12976145,904898123137280
12845105,900500043072257
6556673,900568745967617
8520241,20890774409987
1065888,13690286867
6562817,865521812836352
12976148,900500076630272
8540180,53889008152832
8433684,52858182447872
8556564,53889008145152
8521780,53876123243267
8407092,52780873036547
8398900,52845297545987
8409140,52789462971137
8522260,53876123250947
2885665,865315654402307
8423956,52780873036547
8426004,52789462971137
8520244,18691751162627
12583476,334251554779907
8391220,52776578069255
8393268,52780873036547
2883619,847723468357907
8765444,845537329820432
12697604,862030004237072
8503302,281487864771377
2886145,865315654406147
15335440,898301053567232
15073296,900500076691712
2884099,847723468361747
11403280,865315704733952
11012144,334251554964227
15204400,897201508385537
10488880,52845297730307
10618928,53876123304707
2892289,847792187846657
2237953,3504713445377
2108929,18897859457027
2884129,847723468361987
2117769,20904414482432
2106913,1305673412867
33194,1113201902387
3022852,847792204623872
6302724,334457696628737
6824964,862223278223360
2499588,284979690156032
6562820,863322789588992
2108422,17798347829267
4741632,967583117422595
4591936,900513193263152
4264258,897214641602801
4288576,897283361091632
550208,281694288687152
4296800,897214641603377
4231266,334264688182067
4589634,900500308361267
30786,52858430959667
4278848,897206051680307
82754,281488130060531
4270656,897270476189747
15168,52858430959667
88640,334264688193587
4280896,897214641614897
23106,52789711482935
2886148,863116631158787
4460865,900513177534512
4458563,900500292632627
2884102,845524445114387
6295044,334320257675267
41824,81872827187
147800,20904461471792
2108932,17798347845635
624928,862030001144627
4280388,897214642663472
22598,52789712531507
599108,844631358255152
4294752,897206051668787
49254,13154399027
4262468,897201757761587
6980,52789712531507
33636,13154399027
344133,847728031576112
278853,284786668089392
335941,847792456085552
147781,3311708155952
4732416,897411941871617
540160,334461988450307
328261,847723736608817
131655,3298823254067
262727,284773783187507
1611904,334265225249537
6820160,897214642847792
6817858,897201757945907
2123072,219313025072
1104384,52806891352835
2106946,206428123187
11124736,844437818381072
2818113,847723753570352
4786368,2023102200610865
2883651,847723736793137
2949185,1973623643635760
1073250,73819763507
983232,1973624194138160
4262082,897202293637235
5046464,4240817153835056
4263104,897271013244977
2883905,847728031760432
459968,847793006772272
4269248,862224080113712
2114884,81876168752
2638148,281488133402672
2695236,844493921398832
2106438,206430220337
2171972,281681406930992
2106692,210725187632
4262112,897202293637427
592096,862017921679667
2687556,844425201922097
2098758,68991266867
2622022,281475248500787
590050,844425735635315
1078400,17812034892032
2130089,3303638500097
1065570,5100286775
1071264,52790248411907
460880,900500341915697
462928,900504636882992
397648,337563273396272
395346,337550388494387
4587602,900500341915697
4653136,2026400248758320
35184,52789728248627
75456,281681940656177
19280,52789728260147
21074,52789728260147
1071744,52790248419587
36978,52789728248627
920592,900568793153537
5112848,2026468699996160
4858896,898507208855552
4390993,900500342964272
133203,56075412832307
135505,56088297734192
4596752,900706231980032
926736,865521860022272
2883843,847727763324977
4589616,970868817658115
919600,900500073545987
10522816,17605879595792
1069728,17605876331267
4587570,900500073480467
328897,847792991043632
295018,284778611868467
12059776,281544505623296
16253056,862017925088000
4590096,970868817661955
4731908,897411942920192
11927680,284774337020672
920080,900500073549827
15990912,863117436453632
4588050,900500073484307
163946,3303651935027
49954,30064784183
403984,337618839547907
4596240,900568792969217
142864,54082278600707
536080,334457710260227
4728336,897407663681537
11536544,17592994694915
4588080,900500073484547
4755592,898314690298112
823432,865329341464832
4493448,900513713422592
5294592,334264688194307
39080,53889760035587
4850705,900568794202112
2106630,210456752177
4768288,862030001156867
4468741,900573040750592
12685376,897214642651952
8427586,52789712519987
8395104,52789712519987
12650592,897201757750067
792834,898313884860467
4462850,968682628972595
399618,337562971406387
4724994,967583117410355
4591874,900512924827697
531714,334333139419187
8405856,13154399027
4732160,897420531798032
4723970,897283092840497
8438338,13154399027
15618,52995601535027
2622214,281479275032627
8749121,847728031564592
8683841,284786668077872
8716385,847723736597297
8650851,284773783175987
8519779,3298823242547
151640,56088833560592
8552769,3311708144432
4722978,897214373232947
4461061,900504321273857
4460834,898313884795187
8503364,281488133206832
8437830,13156496177
8429892,81875972912
8438084,30336365360
8405348,13156496177
8405094,4566561587
8396902,68991071027
8422212,13156496177
8421958,4566561587
98658,281488130049011
8454756,281475248304947
8389222,271594295
8389476,4566561587
4723458,897214373236787
4461314,898313884799027
16128,52995601543187
15106,52858162524215
4207362,334333139234867
14082,17811229454387
1074496,219848716592
10519872,81876157232
11043136,281488133391152
11108416,844429496877872
11075680,844425201910577
10486882,68991255347
11010146,281475248489267
1067360,17605876257587
1065314,13690213235
1073504,82409698097
2130313,3312228434192
590274,844430030602481
1067840,17605876265267
1065794,13690220915
5343488,897214641603377
4849685,900500076695552
4587541,904898123141120
2114310,12888141875
4464661,900568762560512
13893697,865316459512592
10223681,847724273533712
395538,337554415026227
4587794,900504368447537
4489544,865329341268272
819528,847737155289392
7081985,2026404228300800
2889729,900504321458177
2556096,847724288344112
6558721,900573040934912
6950913,900504338235392
35176,18705387881267
295272,284787201803057
33130,1113201836915
33640,1113201840947
23112,53889759981587
2112516,52987014885377
6304772,334461991596032
6828036,897274506063872
33129,3312226140977
6407,53888957812787
1540352,847736635130672
1087746,52806891340595
1631232,281694288687872
1672448,844506803143472
5638176,900500308361987
1507362,847723750228787
1120544,334264688182067
5310498,897201756701495
5312546,897206051668787
5312800,897214641603377
5247266,334264688182067
943104,847933935398912
2104836,52849575931907
1073442,81872827187
1131296,281488130061107
1065762,13153350455
1071648,52789711483655
5263904,334264688194307
1090306,81872827187
1409281,847736619402032
5507105,900500292633347
1376291,847723734500147
5541889,900513177535232
6684689,904898123202560
2885649,900500043268097
3014673,869713751244800
6917,53888957820947
7077905,2026399950110720
2231313,56143866167297
6423569,337618842877952
6554641,900568762744832
4871,18704585732147
1071140,52789712532227
1065254,13154399027
104544,334264688182067
1088004,52789712532227
1082118,13154399027
4606464,900504334905347
4738560,897274502918147
1228805,3311708156672
1359877,284786668090112
2425028,845525250412592
1071170,52790248345907
1639458,844493918241587
1180197,3298823254787
1311269,284773783188227
3768576,844438084715312
7901184,897214642848512
3204096,219313025792
7866400,897201757946627
3735586,844425199813427
1071200,52790248346387
11112448,862030004421392
1069154,17605876257587
170017,56087995745027
3155488,206428123907
3964929,847728031761152
4265152,897275308212272
596160,897206588735537
2134153,20904414478592
3932193,847723736793857
4788416,2023106495578160
1071680,52790248354067
1069634,17605876265267
3195908,81876169472
1998976,847728582263552
3187716,210725188352
5802112,897206588736257
3719172,281488133403392
3154980,206430221057
3014676,865315704737792
3147300,68991267587
3670564,281475248501507
1069664,17605876265747
6300692,334457713405952
4475393,900504319176707
12320832,845525250409232
5341456,897214658380592
1083666,52789728248627
33101,3312228241712
1478672,337563273396992
1443888,337550388495107
1052978,52789728248627
5308466,897201773478707
5636144,900500341916417
622754,844429493732147
922640,900573088120832
1100304,52789728260867
4593680,1111610600980481
1069616,52789728260867
1216529,56088297734912
4493384,900513713357072
6557953,900512911261712
6820097,898313888137232
1181745,56075412833027
2887937,865328539303952
38986,53889759969587
2103555,53888957874227
1091200,211258913537
10535104,13693555472
3178884,13693555472
39016,53889759970067
36970,18705387881267
344586,847728028430387
1837096,865316456432387
5505066,865316456366867
1835050,847724270387987
835720,847737155424512
58504,1319360475392
721104,863117483638832
4784336,2023102217388080
4261072,897271030022192
5505576,865316456370947
1835560,847724270392067
6820100,897214376513552
2103558,52789446250547
8405321,3312228241712
2110724,17811232731152
803845,847796482813952
4474885,900504321273857
49832,1113201914627
13701376,897214642651952
9443586,52789712519987
13699074,897201757750067
9476128,52789712523011
9470242,13154389811
4737282,897214373236787
4475138,898313884799027
9460224,52789712532227
9454338,13154399027
4744448,862236159717392
2104068,52789446258707
812288,845743485300752
9486880,13154402051
27906,17811229454387
13897729,900504589697792
550146,281694020251697
13895681,900500294730497
9764867,847723736597297
4221186,334333139234867
9765121,847728031564592
10224641,847792456270592
12978208,900500040975107
13110304,897270208987907
9519364,281488133206832
9453830,13156496177
13651972,334264691340032
9459716,52789714629377
25890,219043410227
2130249,3312228303152
9970692,281681406931712
9486372,13156499201
13634052,334251806438147
9437958,4566561587
9443844,52781124694787
9503238,281475248304947
4737792,897214373244947
9470500,4566564611
542466,281556581298227
410370,284786413285427
4213506,334264419758135
4735746,862030001156147
4473602,863129512718387
803586,845537326739507
5310752,897206051668787
26370,219043426355
5542016,898314690167552
12124416,844429496877872
16257024,897206055011072
16254976,897201760043777
12124162,844425201910577
11559936,210725188352
19234,17605070958911
12451840,847723753571072
168088,56088833622272
8439828,52789462971137
11544064,206430221057
8922656,281681136399107
12320769,847723740988160
4264384,897215178539120
594368,862030806581360
1868160,845538132165392
11543556,206434415360
5800320,862030806582032
1082754,82409882417
1606018,281488667116337
1083778,17605876319027
6834688,897205784489987
1090944,219848839952
9177121,865315654271747
9176097,847792187835137
12845091,865315654206227
9175075,847723468227347
1081762,13690275635
14024720,900500342964992
4591888,970881702559760
921872,900512958447632
4200722,545370669056051
397586,337563004960817
1082242,13690278707
13893649,900500311507712
13762577,337550391640832
9570321,56075414930177
9572369,56079709897472
12845601,865315654210307
9175585,847723468231427
2384897,284983968346112
2908161,847796482813952
2253825,3509008412672
8659489,284842234229507
9457684,52789731406592
8398369,1305673282307
4391192,900504636882992
4212998,334264420806707
9439764,52776846504707
11538816,17605879595792
49293,3312228315392
13116420,862223277961472
1311018,284778611868467
2900481,847727763337217
12847140,898301003043587
16252944,897201776820992
8922148,281681138496257
13109764,897201491489027
12847620,898301003051267
25350,81605488691
2113865,3312228306992
6834180,897205786587137
3031044,847727780114432
13107748,862017119400707
12845604,863116630962947
9175588,845524444984067
8914468,281543699542787
4473093,865328539119632
803077,847736353140752
147719,3311439720497
278791,284786399653937
18695,18704585732147
5771584,897215178539312
1055042,52790248341875
5312832,897215178473840
5328960,897215178477872
1120352,334256635118387
5312608,897206588539697
5247074,334256635118387
5507138,898301805199667
1055552,52790248345907
1088064,52790248346387
5769282,897202293637427
1647680,844631894069552
1507424,847724287099697
1378400,863117433111347
1441890,284774333678387
1057890,206963807027
1058370,206963814707
1051234,17592991355711
1058400,206963815187
1057378,69524796215
1057632,73819763507
1122912,281544501506867
1310819,284774317949747
1179747,3299358016307
1376353,847724271371057
31746,52995601543187
8945801,284778615210752
8422537,3372357976832
164184,20904461467952
17159,1112399704115
31776,52995601543427
1163332,281488667980592
1089860,82410746672
1097798,13691269937
1065316,13691269937
1065062,5101335347
1098052,30871139120
1056870,69525844787
1082180,13691269937
4479488,968682628984835
4608512,900512924839937
809472,898313884872707
1114724,281475783078707
1049190,806368055
4739586,897214373244947
1049444,5101335347
4477442,898313884807187
1065285,1113204994352
1376325,847724273471792
32256,52995601559555
1081669,1113204986672
1048679,1100320084787
5277762,334256635118387
1097797,1113204994832
1049159,1100320092467
1872000,863130318209792
1049189,1100320092947
4739616,897214373245187
4477472,898313884807427
3768384,844430031651632
3703104,281488668164912
23074,52789443047711
3179840,82410930992
3735648,844425736684337
3146850,69526029107
3670114,281475783263027
12632084,334264439681792
115296,281488130061107
3735617,845525250408752
3932225,847724273664272
2123010,219044589617
3473473,847724273533232
3178817,1113205048112
3145827,1100320146227
2146441,3312228438272
91328,281686235623472
614592,844498750091312
14944288,898301003105027
3735620,844425738785072
3162436,13693432112
3155012,206967091472
11403296,847723485135617
15204386,862017119519507
3145830,808522547
1087618,52790248407827
11274272,863116631147267
11272226,845524445102867
3146310,808530227
1090114,73819763507
1094784,17812034884352
3146340,808530707
10495010,206161777427
2115330,81605636147
8519971,3302849774387
8651043,284777809707827
1087648,52790248408835
606912,844430030614577
285185,337562955689987
154113,56087995756547
5439568,898301855531312
1181778,53876925399347
1507408,865316506698032
1184080,53889810301232
1053040,52790265119537
1116272,334252356928307
5242994,334252356928307
1179762,18692553311027
1050738,52777380217655
1181808,53876925399827
1050992,52781675184947
1052786,52781675184947
5308528,897202310349617
4612112,900573087936512
4744208,897411958648832
2900225,847736353263632
2123009,1318558314512
4608004,900512925888512
4740100,897283093901312
2146444,1113205190912
49258,1113201840947
4604432,900504368459777
1316904,337555170001667
1185832,56080210068227
11559040,73823105792
49738,1113201848627
2114307,1112399753267
49768,1113201849107
31236,52858163621891
6832388,862030004432912
2900228,845537330016272
2114822,81607733297
2115846,17605074169907
2638086,281487864967217
2123012,219046703120
806917,865328539185152
153605,56087997853697
284677,337562957787137
4739077,898313888018432
3178881,1113205179152
22535,53888957820947
4345861,337562974564352
2113830,12888125747
1081926,5101335347
13699136,897202294620977
13633602,334252341199667
9443394,52781659456307
13701184,897206589588272
13635904,334265226101552
9443648,52790249390897
9462080,82410746672
9896000,847724288148272
9454400,13691269937
9454146,5101335347
22565,53888957821187
9445954,69525844787
9470050,5101326131
9470304,13691260721
13697089,863117436257072
30978,52875342393395
9699649,284778615014192
9568577,3303655080752
9441601,18705391026992
10027073,845525250278192
9568323,3299360113457
9699395,284774320046897
9633857,284774336824112
9439299,18692506125107
9437283,1100320081715
9437763,1100320084787
23045,53888957837315
8421769,3312228303632
168024,56088833556752
13697092,862017924633392
9441604,17605879403312
9445700,73822909232
10027076,844425738654512
9439302,17592994501427
9510980,281544504652592
9446468,206966960912
9764932,845525250216752
9445446,69527941937
9437286,808458035
9439812,17592994509587
9503300,281475785175857
9438020,5103432497
9437796,808466195
23298,52806622916663
4215554,334281599627315
5800256,862030806450992
1606976,281557386593072
1868096,845538132034352
1474880,284787218580272
5538112,863130318013232
1083714,17605876253555
5278016,334265225052977
1090880,219848708912
15794240,862017924694832
12058944,281480080327472
11535680,73823093552
16252992,862017924825872
12058690,281475785360177
11543616,206967083792
11535426,69528126257
11600960,281544504836912
11534434,808519475
11536450,17592994562867
11534914,808522547
1081698,13690210163
1083744,17605876254515
2128896,52995602722817
6321152,334470579433472
606656,844438620541040
1084224,17605876257587
1082178,13690213235
1090368,82409698097
11010338,281479275021107
10487074,73017787187
2644480,334264421003267
2121216,52858163769347
8525857,56079407907587
6836736,897214374424577
1082208,13690214195
8656929,337554367841027
12849185,900504321262337
5247328,334265225052977
149525,56079441473537
4341781,337554418184192
4472853,900504338051072
11538752,17605879464752
13697104,897202311398192
9439314,52777381266227
9441616,52790266168112
1343809,284787202851632
1212737,3312242918192
49229,3312228249872
4604176,900512958386192
149778,53889004998707
9568337,20891579712272
4467201,900568743686147
6574081,900512911265792
2904065,865328539308032
6836225,898313888141312
26898,52858179301427
4776960,862236159717632
2126849,18910744358912
5509384,900513713357072
1054986,53889759969587
22790,52806623965235
11551104,13693555472
150288,53889005006867
19218,52789459824695
148242,18704632918067
4211474,334264436535347
1055016,53889759970067
1052970,18705387881267
2120193,53888957886467
8402980,52849575736067
9453638,5103432497
6574084,898313888018432
2643972,334264423100417
8395300,52780856259335
12587556,334255832969987
2904068,863129516060672
2120708,52858165866497
2119686,52789446258707
6312964,334333142577152
2126852,17811232747520
8421451,3303638303537
3182721,18705391223552
2119716,52789446258947
596352,897214641799217
4786306,2023101663739955
4721026,897206051864627
596098,897206051864627
623008,844438083666737
530818,334264688377907
4723074,897214641799217
25986,219311976497
547456,334264688390147
4739712,897214641811457
4729472,897270476386307
10114,210722041907
16000,52987280175107
598658,844493918253107
4737664,897206051876867
607104,844438083678257
541570,281488130256947
18306,81873023027
2120196,52789446275075
9457796,17605879476992
42656,210722042627
4754464,897274502906627
4622368,900504334893827
8425609,20904414348032
606596,844438084726832
4739204,897214642860032
4524042,2026400198426675
4721284,897201757958147
590470,844425199824947
802949,847728031772672
5541952,898314690102032
271493,284979941814272
794757,847792456282112
2179268,281480080338992
140421,3504981880832
5804096,897215178539792
5279810,334265225052977
787077,847723736805377
1088640,52858968015617
6361472,897214642847792
6359170,897201757945907
2103682,52789712715827
2136224,52789712716547
2130338,13154583347
1087584,52790248343315
3182724,17605879599872
2120320,52789712728067
2114434,13154594867
1085538,17605876254515
2146976,13154595587
6555777,900500294926337
6557825,900504589893632
2424963,847723736793137
610496,862030806585392
4280512,897215178543152
2425217,847728031760432
2884737,847792457056256
12849409,900512911196432
4477000,900513713360912
1086018,17605876257587
11016224,334255833154307
6312068,334264691535872
15208480,897205786575617
2113926,13156692017
2179460,281488133402672
2119812,52789714825217
2630788,281681407717376
2146468,13156692737
1884288,845538132169472
6294148,334251806633987
2163334,281475248500787
2098054,4566757427
2103940,52781124890627
556032,334470578384897
6832148,897205803364352
2130596,4566758147
1630336,281557386605312
4206208,334457961918467
147733,20903659319312
5111952,2026400248954880
592018,897201773674547
921744,900504637079552
594320,897214658576432
29840,52995886886912
4608016,970881702563840
938000,900512958451712
919696,900500342112257
10518920,1113205179152
9453889,1113204986672
11920,52983001985027
1622656,281488667128577
1099392,82409894657
1100416,17605876331267
1098370,13690286867
421904,337631724449792
4849809,900500343160832
554000,334470595162112
160784,54095163502592
8552776,3312242918192
8683848,284787202851632
10813632,845525250408752
360490,847728028418867
1098400,13690287875
11554944,17605879599872
154128,124257749184515
414224,337563004973057
4217360,545370669068291
152082,53889005006867
1083474,52781675184947
6684816,900500343160832
152112,53889005007107
5046408,4243016177090576
8392998,17605074096947
4262026,898301805264947
721034,847724287295537
852106,1973624177360945
2230417,56075415126017
6422673,337550391836672
2232465,56079710093312
6553745,900500311703552
327850,847724270387507
2117780,52789731602432
1216656,53889810367232
1609872,334265242026752
1086608,52858984792832
2099860,52776846700547
548352,334333139431427
9011584,844438084715312
13144192,897214642848512
8447104,219313025792
13109408,897201757946627
8978594,844425199813427
4753666,897214373232947
10522760,18705391223552
8398496,206428123907
9207937,847728031761152
9175201,847723736793857
4491552,898313884795667
4753696,897214373233427
3178820,13693424432
426274,284786413273907
4489506,863129512706867
819490,845537326727987
558370,281556581286707
4751650,862030001144627
4229410,334264419746615
8962180,281488133403392
8438916,81876169472
8430724,210725188352
42274,219043402547
8397988,206430221057
8390308,68991267587
8913572,281475248501507
295461,284777809720067
164389,3302849786627
1087808,52807428211505
5280064,334282404922160
42754,219043410227
5280896,334333944726272
10584448,281488133391152
10518914,13156680497
35618,17605070951231
14717056,334264691524352
10492064,52781124879107
14682272,334251806622467
10551458,281475248489267
10486178,4566745907
42784,219043410707
10524800,52789714813697
10543232,81876169472
10535552,13156692737
10502816,4566758147
41762,81604391735
10494624,68991267587
6850592,897205784478467
10535044,13160887040
164131,3311437611827
295203,284786397545267
10486436,275985155
282645,337562974564352
11551040,13693424432
2139680,210454655747
8667681,284777809720067
360744,847736618353457
2916385,847727763325697
21266,52806639693875
1212752,18705438212912
1083728,52790265119537
5275984,334265241830192
1065258,1113201840947
12601380,334255832969987
10522768,52789731590912
329096,847797284962352
721288,847728582262832
852360,1973628472328240
10487984,52776846689027
41254,81605440307
1065738,1113201848627
9457732,17605879411472
1425416,847737155228432
33574,12885963575
8425545,20904414282512
3195009,1113205183232
13633545,337550878180097
14155785,865316459578112
9830409,297968476357376
4740608,897283092852737
4721088,897206588735537
592066,862017921679475
599232,844631894331440
337088,845731405697072
4197570,334321059823667
4458690,898301805264947
4720864,897202293768467
2139172,210456752897
592576,862017921683507
590530,844425735639155
11968,17799149989907
598720,844494455124017
590560,844425735639347
4262592,897202293641267
9952,206963945747
10176,211258912817
852161,1973624178409520
786881,847728566534192
9437227,3299343337235
533186,281544501702707
721089,847724288344112
17376,13690286387
432160,337562971407107
2248721,56088031465472
4495392,968682628973315
4624416,900512924828417
4493346,898313884795667
825376,898313884861187
4755490,897214373233427
4756512,897283092841217
564256,334333139419907
33543,1112399687987
606404,844430031663152
17860,82410942512
598212,844494456172592
74948,281681941704752
9414,206964994097
9668,211259961392
541124,281488668176432
2131492,73017799427
590532,844425736695857
1734,69526040627
524998,281475783274547
12685568,897231554085680
33573,1112399688467
590021,845525250412592
16837,1113205059632
9413,1306478718992
327877,847724273537072
786629,847724273668112
48640,52995601543427
1099842,17605876257587
711,1100320157747
1107008,219848717072
4756000,897214373237507
4493856,898313884799747
2688192,844494456946736
6293698,334252341395507
6359232,897202294816817
2103490,52781659652147
6361280,897206589784112
6296000,334265226297392
2103744,52790249586737
4239904,334333139235587
2114496,13691465777
2114242,5101531187
2122176,82410942512
2106050,69526040627
2130146,5101519667
2130400,13691454257
46624,17811229455107
534082,281681403785267
2687169,845525250670640
6357185,863117436452912
2359491,284774320242737
2228419,3299360309297
2099395,18692506320947
2097379,1100320276787
2293953,284774337019952
2228673,3303655276592
2359745,284778615210032
2097859,1100320280627
6357129,865316459708432
9707532,284843039535872
2424969,852122320175120
2131234,81605624627
2654498,281487862858547
1100352,17605876265747
2687172,844425739046960
2099398,17592994697267
2106564,206967353360
2105542,69528137777
2171076,281544504848432
2097382,808653107
6357188,862017924829232
2105796,73823105072
2163396,281475785371697
2099908,17592994705427
2098116,5103628337
10511392,210456752897
2097892,808661267
2118676,52858182643712
622816,844430030603057
1098336,13690222355
8405283,1112399680307
592080,897202310545457
458960,865316506763312
4849872,898301855727632
4391120,898301855596592
133330,53876925464627
526546,334252357124147
4718802,897202310545457
4719056,897206605512752
594128,897206605512752
528848,334265242026032
8405763,1112399687987
11026976,281479275033347
4393032,900500845232177
5046344,4243016176959536
2916609,847736353259792
721992,847793006772272
8405793,1112399688467
329802,865316456366195
844800,845743485300992
428080,337554415026947
4620336,900504368448257
4456967,865315654217747
5525512,900513713361152
2424972,847724273668112
329832,865316456366387
327786,847724270322035
2130211,1112399741747
8407302,17605074104627
1071144,53889759974147
1216592,53889810301712
1085522,52790265119537
8407332,17605074105107
328266,847724270325875
6357200,897202311594032
2099410,52777381462067
2101712,52790266363952
336456,847792989810737
11567264,5103619841
47140,52858163573507
4588688,900569061588992
1071624,53889759981827
328296,847724270326067
2228433,20891579908112
8405766,12888076595
1069608,18705387893507
39460,52789444096775
458825,860918427680816
8405796,12888077075
2139396,219046686992
4493317,900512911200512
2130214,12888118067
9011392,844430031651632
8946112,281488668164912
8422848,82410930992
8978656,844425736684337
8389858,69526029107
8913122,281475783263027
38949,53888957813507
10535048,1113205183232
8978625,845525250408752
8716481,847724273533232
9175233,847724273664272
2130694,12888125747
8421825,1113205048112
8388835,1100320146227
4278560,897214373171507
39202,52806622905143
39429,53888957821187
4231458,334281599615795
8978628,844425738785072
8405444,13693432112
8398020,206967091472
2130724,12888126227
8421828,13693424432
8388838,808522547
8437956,13693432592
8389318,808530227
8389348,808530707
37413,18704585732867
9027588,844437818258192
1106240,99589567280
14745792,862017924825392
11075776,844425739043120
10488002,17592994693427
10490304,17605879595312
10486240,5103616817
10551520,281475785360177
10488032,17592994693907
10502592,13693554992
8411680,52789444096775
10486466,808653107
721048,865316506894352
7554,52858431143987
10486496,808653587
623040,844438620537200
10511616,219046686992
2137120,52858163757827
2660384,334264420991747
12865537,900512911200512
6852640,897214374413057
1098560,30870090545
10502434,12888118067
4486144,898520043302912
8411169,53888957813507
8411649,53888957821187
327757,852122319982640
788997,865315654283267
4620560,900512958382352
166162,53889004994867
6852609,898313888137472
6590465,900512911261952
8409633,18704585732867
328010,847728565289201
2920449,865328539304192
166192,53889004995347
786951,847723468238867
4227378,334264436523827
35122,52789459813175
164146,18704632906547
2136097,53888957874947
12865540,898313887953152
13127684,897214376390912
11567488,13693552400
8411142,52789446193427
1085776,52807444988720
12603428,334264422904577
594312,863130318209072
4264328,898314690166832
332168,865329341333552
8409126,17605074105107
8411652,52789446209795
6852612,897214376513792
8409636,17605074121475
786981,847723468239107
8437833,3312228242192
2143236,17811232731392
2136100,52789446251267
5787776,897215178674432
1640578,862017921679667
5769346,897202293768467
5312896,897215178539312
5246112,334321059824387
5767330,862017921680147
1060000,17799149982467
1640608,862017921680147
5769856,897202293772547
5310624,897202293637907
1060480,17799149990147
1058434,206963945747
1835680,845525247267587
5308578,862017921549107
1581728,281544501703427
1088128,52790248411907
1589920,281480077193987
1066656,73819960067
1639042,844425735639347
1639072,844425735639827
1835169,847724271567617
4507680,898313884799747
1867905,847728566534912
3194948,13693432592
4769824,897214373237507
4728322,862223274815507
582688,281694020252417
2134564,17605074170627
60448,17811229455107
1090692,211259962112
2424905,852122320044080
58402,219043410707
1622148,281488668177152
1057956,206964994817
5343234,897206051668787
1098884,82410943232
4508160,898313884807427
4770304,897214373245187
1050276,69526041347
1573540,281475783275267
1835141,847724273668352
1097861,1113205060352
1057925,1306478719232
1049253,1100320158467
4506144,863129512719107
836128,845537326740227
575008,281556581298947
3184768,52790249587457
3178882,13691454257
3244416,281488668164912
7377024,334265226298112
7342240,334252341396227
3211426,281475783263027
3146146,5101519667
3152032,52781659652867
58912,219043427075
51746,17605070959391
3203200,82410943232
15224832,897214376513792
3162784,5101531907
3195520,13691466497
3154592,69526041347
3473537,847724273664272
7602305,865316459708672
3932289,847724273926400
3440769,284778615210752
3408033,284774320243457
3276961,3299360310017
3147937,18692506321667
3145891,1100320277267
10515456,17811232731392
3309697,3303655277312
626880,862030806581552
3146401,1100320281347
10508320,52789446251267
3162500,13693563152
3166340,17605879607552
3155076,206967353600
3186820,73823105792
3147940,17592994697987
3145894,808653587
3154084,69528138497
5310594,897202293637427
3148420,17592994705667
3146374,808661267
3162276,5103629057
816128,863335671345152
3179140,5103629057
4728352,862223274815747
10508800,52789446258947
609024,862030001156147
1376418,845525247132467
1115298,281544501691187
5898384,898301855727872
5636240,900500878852352
1966224,865316506894592
5800080,897206605513472
5767344,897202310546177
1575088,334252357124867
1181872,53876925465347
1051824,52846099890947
4624400,970881702560000
954384,900512958447872
9470273,1113204983600
311841,284786397557507
180769,3311437624067
4526152,2026405030264880
4395080,900505140199472
333896,900505123422257
170032,124257749172995
4233264,545370669056771
430128,337563004961537
167986,53889004995347
5539848,900505123422977
1868808,847797284963072
11571328,17605879596800
4245540,334264420807427
3182736,52790266364672
168496,53889004999427
3147952,52777381462787
45616,52858179302147
3276945,20891579908352
9470276,13693359920
57892,81605489411
835589,847736353140992
9441545,20904414282512
14157952,897202294817537
10027138,844425736684337
10027392,844430031651632
14160000,897206589784832
10354816,847724288344832
9462912,211259962112
311333,284786399654657
180261,3311439721217
51237,18704585732867
9447040,206964994817
49191,1112399688467
10027137,845525250409232
9700481,284843039720192
9446529,1306478711552
10092673,284774337020672
14155905,863117436453632
720984,865316506763312
9764993,847724273533712
13893761,865316459578112
4522072,2026400752074800
9569409,3368079786752
4724032,897283361275952
10223748,845525250413312
10027140,844425738785552
9969796,281544504849152
14155908,862017924829952
57634,98784260915
9454724,73823105792
9977988,281480080339712
9453956,13693432592
9439876,17592994575107
9437830,808530707
9438852,69528138497
9962116,281475785372417
9437860,808531715
49701,1112399704835
1102144,17657415865136
15730816,334252343493377
11600256,281480080327472
11543680,206967345920
11534722,5103616817
15732864,334256638460672
11540608,52781661750017
12320896,845525250671360
12124288,844425739043600
11600002,281475785360177
11534498,808650515
11536514,17592994693907
11537024,17592994697987
11534978,808653587
11543168,69528138497
11535008,808654595
11551360,5103629057
11796609,284774324437760
11665537,3299364504320
5816448,862030806586112
9208833,847796482802432
12879873,900504321262337
11550852,5107823360
2155552,219044590337
11542660,69532332800
11534980,812856065
11534469,1100332864256
1638816,844430030603057
167957,56088031400192
11567424,13693421360
2147872,81605636867
14155920,897202311594752
2671136,281487862870787
9568401,20891579777792
332104,865329341268080
4264264,898314690101360
2932737,847736353263872
4587856,900504636882992
2155521,1318558314752
37170,52806639682355
5538056,865329341268752
1868040,847737155289872
1343754,284787201803057
1212682,3312241869617
8954884,281685433463552
1081642,1113201837875
49446,30065832755
11536528,52777383559937
11665552,18692556653312
15728784,334252360270592
11538576,52781678527232
344456,847737155293232
606600,845538132168752
1082122,1113201840947
2146849,1112399753987
12618244,334255832969987
8540177,56088031400192
2932740,845537330016512
6864900,862030004433152
2155524,219046703360
2148388,17605074170627
2147364,81607734017
2670628,281487864967937
2146342,12888126227
1671360,844431104344880
1082816,83483624240
1606080,281489740858160
9461769,3372357792512
1638624,844426809377585
1573090,281476855956275
1049826,70598722355
4468224,898507158401027
9486468,13693433600
2265105,56088031461632
63520,52875342394115
2146852,12888142595
9454089,3303638315777
5345282,897214641603377
1153026,334264688182067
3702793,284778615210752
3179529,3372357976832
5310530,897202293571955
8503556,281505044640560
4248096,334281599628035
55840,52806622917383
8430338,81605440307
3178944,14765196080
3145954,1880294195
1640544,862017921549107
1639520,844494455112497
5308514,862017921483635
1638498,844425735504755
1376354,845525247066995
4747392,897283361288192
31872,52995870109697
4224128,334470846820352
15239168,897205786575617
639168,844438620541232
11436032,847727780102912
5311040,897202293575987
12878081,865328539108112
9208065,847736353129232
8423683,18704585720627
8683779,284786399642417
8552707,3311439708977
24192,52858431156227
5309024,862017921487667
1639008,844425735508787
1376864,845525247071027
8421667,1112399677235
10528256,210456752897
4636688,900512958386432
8422147,1112399680307
1081613,3312228242192
182320,53889004999427
352328,847797284778032
1218568,56088800002817
5410824,337563776713472
1349640,337563759936257
1871880,865329341334272
5804040,898314690167552
1087498,53889759970067
59440,52858179302147
11583616,13693556480
182800,53889005007107
8423686,17605074096947
464898,900504334893107
8430852,219046556432
1087528,53889759971075
200984,337563273396272
55332,52806623965955
344648,847728565301297
8429830,81607537457
180784,18704632918787
51760,52789459825415
8421670,12888053555
4244016,334264436536067
1088008,53889759974147
8424196,17605074105107
8422180,12888061715
5279753,337563760984832
1087497,56088784274177
615426,844635383738417
9453833,3312228242192
10027200,844426810426160
798208,863322786443267
55554,52840982647091
13145088,897283093889792
13012992,900512925876992
819592,847737155420432
200792,337555220332592
331864,900505140199472
55584,52840982647571
796162,845730600398867
53538,17656610558771
5345536,897231821472560
5406744,337555220333312
5537816,900505140200192
1214488,56080243622657
56064,52840982655251
54018,17656610566451
3178761,3312228303632
4213568,334264688193587
4491297,900504319165187
8436224,52858163573507
54048,17656610566931
11534784,6177358640
11600064,281476859102000
11534530,1882391345
1114466,281480076985331
11305216,845537330004752
15237376,862030004421392
10519810,81607721777
10520834,17605074158387
11043074,281487864955697
10528000,219046679312
12750849,337562974552832
13144065,898313888006912
8558593,56087997842177
8689665,337562957775617
9211905,865328539173632
8427523,53888957809427
1642880,862030806581552
10518818,12888114995
796192,845730600399107
8427553,53888957810435
180245,20903659319552
10519298,12888118067
8428033,53888957813507
81997,284778615025712
607746,844497944784947
344392,847737155227760
1085453,20904414286592
12881924,898313887945472
13144068,897214376383232
8427526,52789446185747
12627972,334333142381312
8435716,52858165670657
8434692,17811232600832
8427556,52789446186755
12620292,334264422904577
8425990,17605074105107
9486404,13693368080
8554513,56079441462017
12746769,337554418172672
12877841,900504338039552
8426020,17605074106115
9457673,20904414286592
4395272,900513193263152
333834,900504586551347
334088,900513176485937
4526344,2026413083328560
137482,56088263131187
4460810,900513176485937
812040,847934187057152
352520,847805337841712
344840,847736618364977
4655106,2026399946768435
796168,847929892089857
336394,847792452939827
279306,284786664943667
148234,3311705010227
4477448,900513176498177
285192,337563223076867
4264201,900513177534512
4261899,900500292632627
6411,56088247402547
4467208,900569011073027
4271106,897407646765107
33067,3311689270067
601090,862223274807347
38953,56088247403267
23049,56088247414787
17163,3311689281587
49705,3311689282307
344332,847736619413552
4476940,900513177546752
795660,847929893138432
599074,844631088763187
1212696,20904461468432
4459020,900500292644867
328206,847723734511667
82189,284786668089392
16655,3311691378737
22541,56088249511937
4214797,337563226222592
4271616,897407646773267
601600,862223274815507
3182601,20904414348032
49197,3311691379457
4196877,337550341320707
66063,284773783187507
783,3303101444147
6669,56079659577347
467458,847792201281587
33325,3303101444867
4269570,862223274684467
337410,845730600267827
4215362,334264688193587
599584,844631088771347
11048960,334264423088897
14979072,898313888006912
11309056,863129516049152
10525696,52858165854977
14717952,334333142565632
2687241,847728031760432
2686987,847723736793137
2122761,3509260070912
6817801,900500294926337
3014665,860917893103616
4753568,897206051865347
4524035,2026399931039795
10531840,17811232723712
10524674,52789446247187
6819849,900504589893632
2106889,3504965103617
10524704,52789446248195
2899980,847728031772672
2891788,847792456282112
2237452,3504981880832
2368524,284979941814272
2884108,847723736805377
2106381,3504969297920
10525184,52789446251267
332056,900513193263152
133402,56079706751027
135450,56088296685617
198682,337550388494387
4390938,900500341915697
159768,56157016174592
329754,900500308361267
165944,56079706751747
150040,56079706763267
152088,56088296697857
141848,56144131272707
167992,56088296686337
4587545,913694482497536
348232,865329341272112
4280392,898314690105392
796161,847929624702977
10584256,281480080327472
8427778,52806623953715
151580,56088297746432
5554184,865329341272832
1884168,847737155293952
133660,56075412844547
1106952,1319360344832
1368072,284855921292032
1237000,3380961358592
20509,56088266289152
599046,844631089819697
2589,56075381387267
6946840,900500343160832
53808,52806639694595
1229320,3312241881857
1360392,284787201815297
1100296,18705387893507
1098250,1113201849107
591366,844493650866227
6815769,900500311703552
15237136,897205803352832
8552721,20903659307792
1098280,1113201850115
329735,865315654209587
599045,845730603544592
8749320,847736619402032
335879,847792187650097
12881928,900513177535232
12847144,900500292633347
8716330,847723734500147
327719,847723468165427
12619785,337563226211072
8487177,284786668077872
8421643,3311691367217
8427529,56088249500417
12585001,337550341309187
8454187,284773783175987
8388907,3303101432627
8394793,56079659565827
8445961,3380410856192
8438281,3311691379457
4262405,898301003051027
8405545,3303101444867
8397353,3367525954307
4260359,863116630962227
8699916,284786668090112
8568844,3311708156672
1347608,337563776713472
8651308,284773783188227
8520236,3298823254787
328229,847723468173587
8437773,3311695573760
12634624,334264420807427
4270848,897274502721587
599808,844635383738417
23360,52806891352115
8389165,3298810671875
11304968,847728031761152
11272232,847723736793857
6360066,897270208987187
9224193,847736353133312
557474,281488130245427
34210,81873011507
1655168,844438620541232
8708097,284855119131392
8577025,3380159197952
8446977,1318558184192
2172418,281681136398387
533517,284979941814272
8556568,56088297734912
8569345,3311439721217
8700417,284786399654657
8440321,18704585732867
8521784,56075412833027
4458762,900504586551347
8438275,1112399688467
8425497,56088266277632
442912,284786413286147
7143425,4243015374929936
8390713,56075381375747
8438305,1112399689475
6359043,898301003104307
2689027,863116631146547
2818051,847723485134897
2426883,865315654271027
2949123,1973623375200305
2425859,847792187834417
12894212,863129515864832
8963076,281556584444672
2424867,847723468226867
9224196,845537329885952
8830980,284786416431872
8439814,17605074105107
12634116,334264422904577
599300,844635384786992
13156356,862030004302592
8446980,219046572800
8439844,17605074106115
622984,845538132164912
360840,847737155289392
8437798,12888061715
4262660,897205784293427
8440324,17605074121475
8438278,12888077075
8446468,81607586561
8687633,337562974552832
8438308,12888078083
2689030,862017119522867
6366212,862223277961232
2695174,844493652963377
2171910,281681138495537
336133,847796482617392
4524104,2026400735297585
853064,1973692896837680
4261962,898301805199475
4720714,898301805264947
164200,3312241869617
787530,847792989995057
599112,845731405697072
336968,847930428821552
4262472,898301805203507
795720,847930428952592
4261992,898301805199667
270922,284843036389427
330312,865316456370227
139850,3368076455987
6359556,897201491488787
596994,897274502905907
4261961,900500829503537
4196427,337550876082227
590921,847792991043632
6219,56080194338867
2689540,862017119531027
4264009,900505124470832
6473,56088784273457
4198729,337563760984112
2425350,845524444983347
16971,3303636217907
24905,3380945629232
8779,3368060727347
17225,3312226152497
32875,3303636206387
328453,847727763140657
344140,847728566349872
147788,3312242929712
278860,284787202863152
335948,847792990859312
2106406,206161785107
328268,847724271382577
262734,284774317961267
131662,3299358027827
589901,847724273537072
2127,20891529383987
9293,3505501843472
4259917,865316459515952
73805,284843039535152
8271,3368062824497
111,3299343339827
8525,3372357791792
2637,20891529392147
66125,284774320058417
845,3303638315057
4272642,897274502721587
621,3299343347987
8438530,30065832755
2949192,1973624178409520
2818120,847724288344112
2883658,847724271566897
2883912,847728566534192
2425928,847792991043632
11321344,845537330008832
15253504,862030004425472
2098505,3372357976112
2098251,3368063008817
2106441,3505501966352
2621769,284778615210032
2163785,284843039719472
2097259,3299343401267
788674,863117433307187
2883657,852122320175120
6357065,865316459577392
2097739,3299343405107
2621515,284774320242737
4755616,897214641799937
917698,847724287295537
40096,52858431144707
563360,334264688378627
333827,900504319164467
2687052,845525250412592
2883660,847724273668112
2106444,1306478718992
2113868,1113205059632
2424908,847724273537072
11458,17799149981747
1163778,281488130061107
2097742,1100320157747
4718818,862017921679667
786658,845525247263027
1131104,281480076997427
10536448,81607734017
9442,206963937587
10537472,17605074170627
11059712,281487864967937
10535426,12888126227
4721344,897202293772307
4719298,862017921683507
787138,845525247266867
458840,869714553208880
329816,900500845232177
198744,337550925365297
4325466,337550925365297
133240,56075948654867
131194,20891576566067
133464,56080243621937
4325720,337555220332592
133720,56075948658707
131674,20891576569907
135258,56080243621937
722962,898301050290227
4653074,2026399980322865
5177360,4278199794073616
10535456,12888127235
4259929,900500846280752
2139,56075916148787
4441,56088801050672
2426113,847796482801712
2818305,847727780102192
2949377,1973627670167600
360552,847728565289777
786627,847724271566897
15794304,862017924825872
11862144,845525250409232
8438022,30067929905
459282,865315701395507
10653712,53889008206592
11046928,334264439866112
10523664,52858182632192
4264454,897205784293427
8437897,3312228307712
2172164,281685433462832
2695428,844497947930672
9470217,3312228239120
416256,337562971418627
8749128,847728566338352
465152,900512924827697
4657408,2026412831670320
5050624,4276013605388336
8716392,847724271371057
8650858,284774317949747
8519786,3299358016307
596226,897214373232755
4266242,967583117344883
334082,898313884794995
4789504,2023182999683120
603392,862236159709232
2687748,844429228453937
4273408,897420531666992
4850712,900569061588992
8978505,847724273533232
12648521,865316459512112
8390731,20891529380147
8716361,852122319978800
8388969,3303638303537
8390761,20891529380627
8454249,284774320046897
596256,897214373232947
8393033,20904414282032
8389195,3299343339827
334112,898313884795187
8389225,3299343340307
8716364,847724273471792
8405324,1113204994352
8421708,1113204986672
8437836,1113204994832
8388718,1100320084787
4229472,334264688182067
1228824,20904461472512
8389198,1100320092467
334592,898313884799027
8389228,1100320092947
8444416,52806623965955
80640,334333139234867
10028096,844494456161072
11272264,847724273664272
11075656,845525250408752
10813512,847724273533232
10518856,1113205048112
10485866,1100320146227
334081,900512909099057
4526337,2026412815941680
917952,847728582262832
39264,52806891340595
4616192,900581644316672
787973,847792187846657
461072,900504368447537
268554,337563223064627
4653328,2026404275290160
360776,847737155223920
39458,52789443040031
1105986,82409698097
12636164,334281602773760
8443908,52806626063105
1097826,13690214195
4391185,900504369496112
8568849,20903659311872
6553793,865316459708432
2883777,847724273926160
332037,865328539111472
9474057,20904414283520
5341448,863130318013232
1083658,18705387881267
5310474,898301805199667
5507082,900500828455187
1844232,847930428952832
5376040,337550891811587
1378344,865316456366867
5769256,898301805265667
5507592,900500828459267
1376778,847724270326067
1836072,847792989995777
1376552,847728565289777
1179946,3303651935027
5509160,900505123422977
1188392,3368076456707
1058344,1306475442947
1319464,284843036390147
1327656,284778611880707
1196584,3303651947267
1065768,1113201849107
5244969,337550876082947
1114155,284774317949747
1048875,3303636206387
1054761,56080194339587
4286466,897274502721587
1147145,284787202851632
1081611,3312226140977
1105929,3380945629952
1065513,3303636218627
1098249,3312226153217
1057321,3368060728067
1359884,284787202863872
1228812,3312242930432
4392970,900500308361267
39010,52789711471415
8979490,844493650854707
1180204,3299358028547
1311276,284774317961987
475650,847727776772147
4278786,897205783244855
1065229,3312228249872
1069069,20904414294272
1057805,3505501843712
1089549,3372357792512
1050669,20891529384707
1048623,3299343340307
1056813,3368062825217
1065005,3303638315777
1051149,20891529392387
1049103,3299343347987
1081869,3303638315777
5770272,897270476374787
3964936,847728566534912
6362368,897283093889072
3932200,847724271567617
3735561,847724273664272
3932169,852122320175360
3154953,3505501966592
7864329,865316459708672
3670057,284774320243457
3145771,3299343401747
3146793,3368063009537
530626,334256635314227
3147817,20891529446147
7362,52850378080307
4722882,897206588735537
3146281,3299343405827
58528,219311977217
3932172,847724273668352
3194892,1113205060352
3154956,1306478719232
1671298,844430030603057
1582624,281681403785987
3146284,1100320158467
11862080,845525250278192
50848,81873023747
344579,847727761043507
574112,281488130257667
5898264,900500878852352
1181722,56075948654867
5439512,900500878786832
1184024,56088833556752
1183800,56080243622657
5374008,337550925366017
1179706,20891576566547
1312824,337550891811587
1182232,56075948658947
1200152,56088833560832
5505080,900500845232897
4266002,1108312032542771
1180216,20891576570627
462866,900504368447537
1085465,56088801051392
4296776,898314690101552
364616,865329341268272
6361345,898313888006192
2429185,865328539172912
1050681,56075916149507
2691329,863129516048432
1378314,865316456366387
4278278,897205784293427
4475400,900504586563587
8442116,17656613712656
5310504,898301805200147
1245226,284774333678387
5308458,863117433111347
1638442,845525247132467
4587728,900500878852112
917712,865316506894352
3282,52846099890227
1376808,847724270326547
2654756,281479275033347
2691332,862030004424752
344071,847727763140657
13897736,900505124471552
9764874,847724271371057
10224648,847792991044352
9765128,847728566338352
13895688,900500829504257
4278530,897214373171315
4285696,862236159586352
353536,845743485169712
4286720,897283092656177
483584,847805086183472
9962505,284843039720192
10223625,852122320044800
9502731,284774320046897
9502985,284778615014192
9437451,3303638303537
13635593,337555173147392
9443337,56080196436737
9439243,20891529380627
13893641,869714506023680
10027017,847724273533712
9439273,20891529381635
9446409,3505501836032
9445897,3368062825217
9439753,20891529384707
9437737,3299343341315
9437707,3299343340307
10223628,847724273537792
13893644,865316459516672
9576460,3368079602432
9446412,1306478588672
9584652,3303655092992
9715724,284778615026432
9453836,1113204994832
9457676,18705391039232
9568780,3299360125697
9437710,1100320092947
9699852,284774320059137
9439756,18692506137347
9437740,1100320093955
608000,844506534719537
475904,847736366706737
346880,863129512718387
9453581,3303642510080
4276994,862030001090675
9445389,3368067019520
606978,844437815111795
344834,845537326674035
9437709,3299347542785
344864,845537326674227
4277024,862030001090867
607008,844437815111987
12189704,284774337020672
11862024,847724273533712
12124168,845525250409232
16252936,863117436453632
11543560,1306478711552
15990792,865316459578112
11666440,3368079786752
8568852,18704636064512
11797512,284843039720192
12058633,284774324437760
530880,334265225248817
11535369,3368067203840
4460992,898314690166832
790976,863130318209072
7616,52858968014897
6594,52790248407155
4199872,334333944725552
13760,17812034883632
352513,847805070454832
12650499,898301003039027
8718339,865315654205747
1409408,845538132034352
5341568,862030806450992
1148288,281557386593072
6624,52790248407347
11534349,3299355988736
2703874,844429226356787
8978467,845524444971827
7104,52790248411187
13762584,337550926414592
9570328,56075949703937
9572376,56080244671232
13893656,900500846281472
725264,898313935192112
4395280,968682679304240
8716803,847723468165427
595216,897283109617712
9439257,56075918246657
13631513,337550894957312
9568281,25289626223360
9441305,56080213213952
8716833,847723468165907
9568284,20891579716352
12650502,897201491415347
4757536,967583117411075
12650532,897201491415827
11665432,20891579777792
12648486,862017119327027
8978470,844424933348147
8716326,845524444910387
12651012,897201491423507
12648966,862017119334707
8978950,844424933355827
8716806,845524444918067
8978980,844424933356307
8716836,845524444918547
2703366,844429228453937
213253,284786416431152
4276485,863129515864112
606469,845537329885232
9486345,3312228243200
1409096,847729639031600
1212744,3313315611440
1343816,284788275544880
4598272,900568759414787
1376360,847725344064305
1179754,3300430709555
350210,898313884799027
612354,897214373236787
1310826,284775390642995
4282370,967583117348915
619520,862236159717392
4289536,897420531675152
1081673,3313299882800
96258,334333139234867
4288514,897283092656177
1048683,3300414980915
4280354,897214373171507
12650784,897205784281907
350720,898313884807187
612864,897214373244947
4282880,967583117357075
610818,862030001156147
348674,863129512718387
8441876,52806642840320
1540160,847728582066992
1672256,844498750079792
5343296,897206588539697
57442,81872827187
88578,334264419758135
4280864,897214373179667
9486348,1113204995840
2188544,281694021300272
2711808,844506535768112
2628100,334255833165827
14747650,897201491476787
11077634,862017119519027
49762,13153350455
14747680,897201491477267
11077664,862017119519507
25794,211258912817
5345408,897215178539792
1675392,862030806582032
14745634,862017119388467
10813474,845524444971827
10552354,281543699530547
2704128,844437816291377
8716577,847727763129137
18114,73819959347
541378,281480077193267
1409089,847728566338352
4485128,900581895974912
151704,56088833626112
376904,847737155227952
2441473,847736353132592
2703617,845537330008112
88070,334264420806707
4280326,897214374228017
154120,56088263143427
4276754,897205800022067
2101697,18705391222832
2180356,281556584443952
6373636,862030004301872
2441476,845537329885232
348165,865328539119632
4280325,898313887952912
9764936,847725345112880
4288768,897300272525360
9437513,3304712045360
9437259,3300417078065
9502793,284775393788720
12652578,897205784281907
88832,334281599627315
4281088,897231553048625
1671488,844438620406640
1409344,845538131968880
5341504,862030806385520
2101700,17605879599152
1147202,281488666919921
1055010,52789711471415
50016,30333219635
6820356,897205786587137
803264,845538132168752
4735424,862030806585392
549312,281557386604592
11075872,844429228442417
18368,82409893937
19392,17605876330547
541632,281488667127857
17346,13690286195
475408,865328586297392
4407568,898313935130672
4284688,897283109433392
5048322,4276000720486451
1380616,865329341268272
5312776,898314690101552
4280580,897231554097200
84752,334264436535347
4277008,897214389956657
5584,52858984792112
135632,53889810366512
9519172,281480080143152
2707460,862030004432912
6377476,897214376390672
8486985,284778615014192
4982920,2026400735494145
328842,847792989995057
329866,865316456431667
592010,863117433307187
4459656,900569548128257
4720778,898301805395987
788618,865316456562707
4458634,900500828520467
337032,847930428952592
328330,847724270391347
272008,284980475539457
9866,1306475573267
4720808,898301805396227
17290,1113201913907
589994,845525247263027
590474,845525247266867
4720777,900500829700097
589963,847724271566897
590217,847728566534192
4722825,900505124667392
25737,3509794844672
787112,847724270522627
917641,860918427877376
9896,1306475573507
4294690,897205783233335
9865,3505499877377
491554,847727776760627
802956,847728566546432
140428,3505516654592
271500,284980476588032
794764,847792991055872
787084,847724271579137
589965,847724273668112
1153088,334265225052977
532621,284843039731712
540813,284778615222272
17549,3372357988352
16781,3312228315152
1675328,862030806450992
20621,20904414359552
524941,284774320254977
2701,20891529457667
655,3299343413267
2113734,5103628337
685,3299343413507
1677,3368063021057
6555784,900500829700097
2425224,847728566534192
2884744,847792991830016
6557832,900505124667392
2424970,847724271566897
4263042,897270476374067
301089,337562955678467
2163081,284778615210032
2162827,284774320242737
2106505,3505502228480
2097547,3303638499377
2099369,20891529576707
2097323,3299343532307
2103433,56080196632577
2687113,847724273926160
2099849,20891529580547
2097803,3299343536147
2105993,3368063021057
8720641,865328539107632
2097833,3299343536387
12652801,898313887940912
2114185,3303638511617
29888,17812034891792
2883724,847724273930240
6553740,865316459712512
2236556,3368079798272
2367628,284843039731712
2106508,1306478981120
1687680,844438620541712
2244748,3303655288832
2375820,284778615222272
2099852,18692506333187
2359948,284774320254977
2097806,1100320288787
2228876,3299360321537
2097836,1100320289027
360483,847727761031987
2113677,3303642705920
2105485,3368067215360
2097805,3299347738625
23232,52790248419347
75394,281681403785267
21186,17605876330547
657560,337550925561857
133274,56075948720147
134296,56144668327937
4391064,900500878852112
133304,56075948720387
659608,337555220529152
790680,900505140396032
4457624,900569564905472
133784,56075948724227
135576,56088833622032
479248,900512958386192
140440,21097735196672
4718745,900500846477312
4491304,900504586552067
86546,334264436535347
5341264,897206605316912
5636120,904898925297920
6422680,337550926610432
6553752,900500846477312
2230424,56075949899777
2232472,56080244867072
4851848,900500845428737
4465800,865522614996992
795784,847930429214720
6291609,337550895153152
2099353,56075918442497
2228377,25289626419200
2101401,56080213409792
4458664,900500828520707
788648,865316456562947
786602,847724270518547
2228380,20891579912192
2113985,1113205182512
4721288,898301805400067
4459144,900500828524547
789128,865316456566787
787082,847724270522387
795272,847792990007297
11912,18898661617667
140936,3505515606017
9207944,847728566534912
9175208,847724271567617
4294914,897214373167475
632064,844643973665072
8978569,847724273664272
9175177,852122320175360
8397961,3505501966592
13107337,865316459708672
8390825,20891529446147
8388779,3299343401747
8389801,3368063009537
491808,847736366695217
362784,863129512706867
8913065,284774320243457
360738,845537326662515
623904,844506534708017
8389289,3299343405827
4292898,862030001079155
622882,844437815100275
9175180,847724273668352
8437900,1113205060352
8397964,1306478719232
4295424,897214373171507
8389292,1100320158467
361248,845537326666547
4293408,862030001083187
623392,844437815104307
14942344,865316459708672
11272328,847724273926400
10813576,847724273664272
10649736,3303655277312
10748072,284774320243457
10487976,18692506321667
10617000,3299360310017
10485930,1100320277267
10780808,284778615210752
107296,281556581102387
4493345,900512909099777
11079936,862030004420912
10486440,1100320281347
10518665,3303642694400
10485929,3299347727105
2719778,844429226345267
360737,847736350966577
10485901,3299356119296
295210,284786664932147
164138,3311704998707
1392904,847737155227952
4718733,865316459712512
786573,852122320179200
10616984,20891579908352
8470566,281479274836787
786826,847728565485617
99108,281487862674227
22722,52790248411187
360709,847736353067312
13697033,865316459512592
9764873,852122319979280
852168,1973625251102768
328904,847794063736880
786888,847729639227440
721096,847725361037360
786634,847725344260145
4298754,967583117345075
366594,898313884795187
628738,897214373232947
590025,847725345308720
4298784,967583117345555
628768,897214373233427
366624,898313884795667
104482,334264419746615
626722,862030001144627
364578,863129512706867
4589826,900504334893107
4297218,897214373171507
1425472,845538131972912
5357632,862030806389552
1687616,844438620410672
2117828,17605879607312
1171520,281557386408752
4297248,897214373171987
1079328,52858430960387
2425032,847725345308720
599616,844631357206577
9764876,847724273472272
2162889,284775393984560
2097355,3300417273905
2097609,3304712241200
6293641,337550878375937
6815881,865316459970560
2490505,297968476553216
6553737,869714506219520
2720032,844437816279857
2099339,20891529576467
8732929,847736353067312
2883721,852122320437248
1163840,281488666932017
2622601,284843040505856
34018,73819947827
557282,281480077181747
9469993,3303638306561
2457857,847736353128752
2720001,845537330004272
170024,56088263131907
4327498,337550891810867
788554,865316456431667
301096,337563223065347
4493352,900513176486657
4292658,897205800010547
4458600,900500828455187
4456554,865316456366387
786538,847724270387507
12665092,862030004236592
8995076,844437818257712
8732932,845537329819952
1151056,334265241830192
4459080,900500828459027
8470820,281487864771377
4457034,865316456370227
787018,847724270391347
4853896,900505140396032
4984968,2026405030461440
4461704,900573843095552
792712,900505123618817
9802,1306475442227
2720004,844437818380592
48160,52995601535747
104736,334281599615795
4262210,897206051668211
4296992,897231553037105
4788608,2023114548641840
4265344,897283361275952
4587672,904898925363200
917656,869714553405440
788632,900500845428737
4980888,2026400752271360
4326552,337619645038592
11092224,844437818380592
819648,845538132164912
4751808,862030806581552
42432,219848839472
557536,281488667116337
34272,82409882417
35296,17605876319027
3194889,3312228307712
33250,13690274675
2108452,17798347829507
491792,865328586293552
4423952,898313935126832
33760,13690278707
4458824,900505123422257
787784,847797284962352
100656,334264436523827
4292912,897214389945137
4787202,2023170114781235
2425921,847792456269872
12668932,897214376325392
4460936,900513713422352
790920,865329341464592
4723080,898314690297872
6538,53889760034867
1867912,847729639228160
1835176,847725344260865
4311042,897214373171507
648192,844643973673232
4311072,897214373171987
376866,845537326666547
4309026,862030001083187
639010,844437815104307
6815817,865316459708432
122914,281556581102387
2099275,20891529445427
4311552,897214373179667
377346,845537326674227
4309506,862030001090867
639490,844437815111987
377376,845537326674707
4309536,862030001091347
639520,844437815112467
115234,281487861625655
3178633,3304712241920
4755648,897215178670352
6295689,337555173343232
3145897,3300417274625
39106,52790248407347
39136,52790248407827
37090,17605876319027
606850,844429493743667
5507232,898301805265667
1837216,863117433307907
1966240,847724287296257
1835170,845525247263507
33063,1112399680307
1057954,206963938067
495632,900512958382352
2136580,52789446258947
137290,56080210067507
268362,337555170000947
4460618,900505123422257
5767840,862017921684227
102450,334264436523827
1409034,847728565289777
114726,281487862674227
311848,284786664944387
180776,3311705010947
4739264,897215178674192
811144,847797284974592
287880,284984770506752
156808,3509810573312
2130369,1113205178672
803464,847728565497857
10223752,847725345309440
12683266,897205784281907
9961609,284775393985280
9438345,3369136751360
4849752,900500878852112
4587608,904898925297680
72002,334264688181491
264282,337550891810867
4456538,900500845232177
5277954,334264688182067
2130372,13693554992
115488,281505041494835
11665544,3300434051840
11796616,284775393985280
136344,56148963295232
614784,844506803154992
91520,281694288687152
11534473,3300421468928
2101641,20904414478352
8749059,847727763129137
4721730,897270476374067
1050018,73819947827
1573282,281480077181747
4764672,897420531798272
137544,56088800002097
4329800,337563776712752
4723016,898314690166832
268616,337563759935537
790856,865329341333552
6474,53889759969395
1671432,845538132034352
1278216,284787218580272
6504,53889759969587
6984,53889759973427
803208,847737155424272
1413184,863130318013232
25992,1319360475152
8487430,281479274836787
2736132,844437818388752
4253728,334333139235587
1638600,845528468488496
1376456,847727491612976
1835208,847727491744016
1081800,1116423127856
1048810,1103538225971
9012480,844506535756592
11067392,281556584444672
4456792,900505140199472
615488,844635652173872
5805056,897283361276672
5672960,900513193263872
5769312,897202293637907
5507168,898301805200147
5245026,334252340151095
5767266,862017921549107
5505122,863117433111347
1835106,845525247132467
1573986,281544501691187
3145929,3302564757776
11108354,844429228442417
1096192,52858430960387
8618241,284786416419632
12681473,863129515852592
58560,219848847632
9011457,845537329873712
2121865,3372357988352
16679,1112399687987
49378,13690278707
1579168,334256635314947
1055904,52850378081027
5771424,897206588736257
49858,13690286387
4429,20904414285872
49888,13690286867
4246048,334264419758855
5345288,898314690102032
1413128,865329341268752
5668880,900504636883712
8749316,845537329812272
12681476,862030004228912
9011460,844437818250032
8495364,281556584248112
148042,3303651946547
279114,284778611879987
4477064,900513713426432
807048,865329341468672
4739208,898314690301952
29832,18911546519552
8487684,281487864771377
23176,53889760047107
4475648,898313884807187
4313344,897265912779056
8493058,334264420795187
12685314,897214374216497
9437385,3302564627216
2101577,20904414347312
11534536,1103541502736
5245280,334256635118387
10846464,845537329873712
10585344,281556584432432
14778624,862030004290352
2113929,3312228438032
4746240,897411941871617
12685313,898313887941392
8753153,865328539108112
5771648,897215178670352
1055106,52790248407347
4296896,897215178539312
1055136,52790248407827
1053090,17605876319027
16463,3303638315057
803144,847737155293232
4473160,865329341272112
25928,1319360344112
287048,284855921291312
155976,3380961357872
2113932,1113205190672
12685316,897214376317712
19272,18705387892787
279368,284787201814577
148296,3312241881137
17226,1113201848435
17256,1113201848627
2703428,844429496889392
